AAPL,AVGO,BND,GOOGL,IYW,LLY,META,MGC,MGK,MSFT,NVDA,QQQ,SPY,TLT,VOO
0.019924788611738384,0.022584575372855676,0.0024669476846163126,0.015627204050658417,0.012515760736132564,0.01097866487455099,0.017420625670228958,0.010139453438517028,0.010198452658877644,0.02087938625837887,0.022343499909857893,0.01115995193702656,0.010293866861490242,0.011298407725653188,0.010240405224996665
0.02137003005386562,0.02215971934980905,0.0025136533359068976,0.016307044948481616,0.013123461666550408,0.011074285674549902,0.01772756961705199,0.011893464950382855,0.011430329914268365,0.019653149005116513,0.02238319452076988,0.01187119931340323,0.01252263598795754,0.011681283400361389,0.012369716260958275
0.01959559104231988,0.022702846491562276,0.002570693365380915,0.017484511950502192,0.013616806521178814,0.010929747989344365,0.01933574171431211,0.011931449816255064,0.01190546604822918,0.01912567613233095,0.02499250912697829,0.012505816899318902,0.011949538844648692,0.012183953231761874,0.011841301581283327
0.019127784870787923,0.022891463265022047,0.0024104962891250015,0.015609605078998138,0.01297830204370155,0.011059456789328428,0.01807335962481942,0.011454355635599585,0.011586830223836409,0.018109418002697317,0.026068503564548998,0.012379832144133936,0.01193180837887958,0.011503544566633283,0.011863273737187641
0.021957917928713284,0.026706021389409983,0.002381815397798441,0.016248285425726924,0.014554139583198488,0.012086126923675207,0.017366546716991837,0.012590067481057746,0.012671369632804434,0.01990364049648006,0.024927969262668433,0.013309039554713537,0.012978033543928801,0.011772346831270115,0.012896382838471271
0.01988311477221024,0.023936477970695366,0.0022943998512603672,0.015588367104564507,0.014391621438889972,0.01188594210580948,0.023820998320729606,0.012043396083039037,0.012286545257638275,0.01815993818624105,0.027781100315493648,0.01290726382324759,0.012185394870926342,0.011589065727132834,0.012137636177092704
0.021111378153689242,0.024511700926220417,0.0022339913284116063,0.015552233768069983,0.01376844387551492,0.01198728026038333,0.016437189643403766,0.01150578891329222,0.01186689832369876,0.018131777862372717,0.02334173080026576,0.012524383869347708,0.011669016992002236,0.011209987161156074,0.011581900039516303
0.019524925666854147,0.023067260190447348,0.0021197123834161167,0.015078470341646371,0.01370777139391327,0.011756911005036029,0.020204020833607644,0.010672980221112958,0.011141046740630106,0.016496195125220093,0.02573411006307043,0.011962766049161052,0.010641336608116175,0.010780035918148669,0.010558376345973395
0.018618428256758773,0.02252627220891552,0.0021751018488138183,0.014911710899329323,0.012288146779924937,0.011750989997873908,0.014984392398695574,0.009973107573182188,0.01045607722507557,0.016324607618547107,0.02202338494271872,0.011125917944469255,0.010151933067955579,0.01061490683522662,0.010082948436508175
0.020276990787767027,0.02274716546550434,0.002554965683847399,0.014409361836687607,0.01335011274266581,0.011588077202340025,0.01813088597799021,0.01003772841137478,0.010801133712072076,0.015492950489927463,0.023602176689005456,0.011812892094681142,0.01021443587730371,0.011121991630843393,0.010206899285775147
0.018858953692224824,0.022781270090792272,0.002619715907666502,0.014729311902877892,0.012568333453275666,0.011873891910290637,0.025688078613820296,0.010357836656570592,0.011063831445008034,0.01594105638229279,0.021998260247362005,0.011681370391619343,0.01065296628918895,0.011126059659116736,0.010485086604577887
0.019784585321990462,0.021770618910425466,0.002513339435708965,0.013805960768980812,0.012313427204986113,0.012296543571601178,0.019406197468131034,0.00964267777965934,0.010488144573461398,0.014558853680329956,0.02300218633225837,0.011286444514201768,0.009587848346081075,0.011272174559920205,0.009441228756790267
0.018370805142085812,0.021108504705050053,0.0024801477022196655,0.015511846681620079,0.011459354698166448,0.011880350916288203,0.021240502185224837,0.00880371997062175,0.009783324679810907,0.014796120540934113,0.021302906373063753,0.01060277806528616,0.00897909586104055,0.011227546150590661,0.008890454503345004
0.01942280788831033,0.020370598836658517,0.0023354999750986013,0.017351409416084432,0.012675441665230214,0.011930769251621415,0.016938755030057085,0.010073117240968226,0.010748635103720386,0.01650517990011163,0.022514425842882116,0.011733182406826904,0.010222697033299174,0.01076827532767631,0.010301726594435885
0.017951117412284015,0.020347906210447863,0.0024886073038827873,0.015184590187930329,0.01241264160192593,0.011803498678543765,0.018429348725978238,0.009820333195159117,0.010490351371980905,0.015195758972577734,0.02152641962543771,0.011317276563801099,0.009551746026004804,0.01112229493955073,0.00955533023868817
0.017109691995903037,0.019449295087568548,0.002354843827969532,0.01650798517063935,0.01129973335802256,0.011701640386587808,0.01489380315884641,0.008851306697924137,0.00940866582987087,0.014669287180593875,0.02152208197110062,0.010274722437620351,0.008759688531931785,0.010564577542069986,0.00877138396145683
0.020792733939503216,0.020049739984569093,0.002271560212380733,0.01809474638168008,0.01584961805182389,0.011690063931629384,0.01676689075234252,0.01001450557586637,0.01046208030791039,0.03978439843660456,0.025712604117172425,0.013892721013212333,0.01016413321693341,0.01022824350170322,0.010186152663674165
0.026518289755647965,0.01890212151944128,0.002461006522412443,0.0169965942878903,0.015976034622686514,0.011871284694689193,0.021254886766421198,0.011045038909398843,0.01057989437990527,0.03487250763912515,0.03144639188674794,0.013737021743358634,0.010904114463184969,0.010902163171061434,0.010983638109224553
0.0256844369221292,0.019039468014225056,0.0023451181638803357,0.01684810794140647,0.014140380065689412,0.012119702062068343,0.016693749654516973,0.010651023302620815,0.010436325204550791,0.035181157887343086,0.025606453452996124,0.012550685621777772,0.010441947658903437,0.01042576519966449,0.010543413019497622
0.024601458648377404,0.021803863945017904,0.0029536461855834595,0.02264616746518776,0.01538318456164866,0.011815248111740053,0.02416347770408064,0.010977660128836997,0.010443864224437424,0.03310794737492832,0.030071353631566166,0.012644363796095239,0.011185320579164625,0.011270943923221257,0.011217475938438819
0.0232114276151047,0.019785655736858296,0.002712621425369407,0.017114793456417355,0.014139698986588267,0.011875106803406364,0.024881082242825193,0.011232897492849328,0.010233929702532231,0.032380418216015096,0.027913776291830374,0.011682097613305178,0.01118803630033056,0.010614284553313204,0.011023957941761864
0.02171908231298974,0.01979541992064849,0.0028963718394144178,0.020417221544468962,0.014123123024764525,0.012037262867632792,0.020585755569479534,0.011450039496200411,0.010402863426622262,0.028201155317454037,0.028052956214500907,0.011715528814681965,0.011690971526856029,0.011995046088864854,0.011622916855958423
0.020511667392755867,0.019450896197620315,0.0026130899535017917,0.01731946381302049,0.012905886750704375,0.012039314282412283,0.018905052917003104,0.010833117965922933,0.009965465235874915,0.02698429788863704,0.026494235211801498,0.010690245135816371,0.010662468029488417,0.011131815005361081,0.01052566240673445
0.019372289639387887,0.01912770422167024,0.0027016634060561553,0.018805443850944344,0.012635686706925156,0.012422522970373662,0.016510782704932978,0.01029797034293332,0.009742356349779366,0.024133346082352215,0.025170626604662696,0.010594016570493225,0.010516124481133551,0.011281847826883233,0.01045348925337927
0.018587051357534606,0.019114916181742273,0.003408425572452794,0.016646179102961987,0.011832905871113322,0.012608133316224452,0.016083700195730986,0.009783136833249322,0.009697954884561289,0.022962142554105086,0.024644689601923057,0.010138073612737346,0.009620049020985478,0.011895355893674735,0.009547782954080512
0.01759096424532663,0.020174844710928116,0.00315159118805404,0.017682791415618928,0.011356398752395178,0.012617660015095782,0.018115323516749042,0.008855670216424005,0.009004236258189162,0.02041128047786375,0.02334020429743968,0.009814924242903483,0.009108764567588568,0.011203611419567706,0.009078789851246234
0.0177686604998035,0.023906344459373306,0.003091597065680228,0.017252768561450672,0.011796891610389638,0.012694070156651877,0.014659212137428695,0.009083324374348644,0.00958478149543965,0.019558125201357263,0.023790870442465126,0.010451986444049391,0.009342571078412765,0.011090747306161284,0.009330346310382197
0.018270322188147756,0.021362138997320076,0.0028520590091601528,0.016652850703940993,0.011680687849876208,0.012438960828502313,0.01715901438937924,0.008291857058892854,0.00914298539609227,0.017724246668790182,0.02448263990449108,0.010254487782860327,0.00845644774080263,0.010618922882519977,0.008420003612108559
0.01745588664234702,0.021878145675322102,0.0027416925043871813,0.016888081330637877,0.01171011577791476,0.012478944781294672,0.018297919896336407,0.008407119839443155,0.00889844917971833,0.01794455349495035,0.029161515536986902,0.010000010176101136,0.008688711855803466,0.010293234449531929,0.00862444421682608
0.01658023901087507,0.020600086884592587,0.0026836843363235215,0.016017083922246572,0.012074462368127405,0.012247567600996514,0.015243473376651287,0.008017831460403779,0.008804571831090662,0.017337407280391563,0.03651393678234171,0.010219201141977717,0.008014214673264478,0.010346389592382911,0.00796454295596634
0.01582908500623846,0.0201967144178867,0.0029542272227979023,0.016384522907057397,0.01081031332733133,0.012553153174203255,0.015884003125613513,0.007342418306551834,0.008048901417463972,0.016405551633794396,0.02566790923256203,0.009290761149611873,0.007416815528307749,0.010795599257301829,0.0073823847034559485
0.015196824912355673,0.019666064300219395,0.002871613431168574,0.015308546697166138,0.010737597856668262,0.012362185901681325,0.014532896803964097,0.00692123652202219,0.007749270726297286,0.0152045172449058,0.030892895802493527,0.009041591716468731,0.006889507439023708,0.010342146442470192,0.006863963574555864
0.014560271727010387,0.01911875429928227,0.0027681596443592475,0.015495362095945455,0.009779085515961784,0.012258288164209501,0.019751926087298345,0.006459046478625377,0.0071544364904502725,0.014515103651527228,0.024280604044479404,0.008432313867441529,0.00647321125450026,0.01016702011207393,0.006455339052024591
0.014149836302897295,0.018739899228732804,0.0025695145038095372,0.014934737633165713,0.009854884077831017,0.012320828207773643,0.027976308428600823,0.006499814669270683,0.007247699028251286,0.0138640532088641,0.02680606251490294,0.008488572143613923,0.006477855338428212,0.009791960320664891,0.00648288580635983
0.01618829935780583,0.018192569842823317,0.0025611287579079076,0.015394280289108187,0.00907284343316377,0.01243470406392141,0.017724115278809266,0.006168558313730743,0.006873049109775444,0.013410339967368366,0.022788728212966645,0.00793208035169298,0.006064529772340823,0.010005536730274225,0.0060604279028150295
0.015173444927266166,0.017681241423802223,0.0027718273410148337,0.014412040048390268,0.008978520882961635,0.012200740482542279,0.022181590699522483,0.005882581272202579,0.006513192599694294,0.012754128853683504,0.024698090885957494,0.007700367242484589,0.00580948728732702,0.010229438963054954,0.005819558198558673
0.017489512361855346,0.017315124856658568,0.0026112275933752155,0.015439273308655157,0.008803254558948008,0.012311382122532959,0.01632165711568793,0.005672404750919175,0.006228847818334941,0.012384169399825451,0.0220230823921001,0.0073848242292884995,0.00556703555901221,0.009800696526104281,0.005588933608694228
0.016472557626479038,0.04802847403726017,0.0026917406655708985,0.015686419983382268,0.009040492857261908,0.01213295397853933,0.019730776537227254,0.005452049693431119,0.0059540179347682305,0.011868054513454714,0.02326539499494544,0.007360341482402944,0.005395140884890207,0.010270360597197594,0.005409087965765499
0.016795234507218492,0.03587037900320404,0.0025084353508836293,0.01478266336787387,0.00868455233707482,0.012036079264615801,0.01711167999639379,0.005524378061009066,0.005990765458512145,0.011783326636535077,0.021290295385964164,0.007287033508692486,0.0055052335430891075,0.00999975977429603,0.005527973916405399
0.015767611453004784,0.0388629605982408,0.00269862379567091,0.016494893883471286,0.009021494023107667,0.012253754819265703,0.02069165746206833,0.005658582620639468,0.00639102794026524,0.011341751787467684,0.023023879978045135,0.007677065335467084,0.005754220101736278,0.011042890226802713,0.0058156027806744014
0.015098495702095751,0.03524588636839964,0.0025178286551368854,0.01442439882868448,0.009082551086852318,0.012268797196229642,0.016458105770565577,0.005770983423541904,0.006543138482228892,0.01251203261235716,0.023406419247467617,0.007672913294968187,0.005862356747341757,0.010354973739676946,0.0059255122501874835
0.014679380988579762,0.03453429024803545,0.0024407035265248717,0.015347014085834103,0.00907795618894171,0.012078605387120512,0.016947771956666368,0.00590650167117086,0.0064346598665579935,0.011955236196949348,0.023869973799294692,0.0075939906445780395,0.005974624695462339,0.010054183375193254,0.006014146499084811
0.015408193187839848,0.03270265516874547,0.0022602092608314268,0.013963310684704884,0.008605652599400767,0.011999583006156342,0.01829398899331307,0.005668901173629237,0.006202558785184319,0.01180041545918377,0.022644666987684626,0.007312944581887295,0.005628289736211657,0.00968669484202317,0.005651750784747297
0.014459675135568437,0.03223070527485152,0.003071855640577125,0.015440355501037778,0.009317026709879219,0.01418273629228477,0.015561933578458014,0.008456994291719613,0.007838481376863014,0.013328184141787318,0.023743006341097172,0.008299940237453608,0.008524582797510732,0.011354098470393911,0.00860640958651266
0.013984175797821422,0.03050287158812353,0.002764678396299978,0.013552941478568972,0.009160376150650478,0.013311559141354285,0.01868986624462133,0.008523143504195481,0.008112959009194958,0.013065352976219653,0.02273853706721496,0.008235340901869653,0.007705216824923347,0.010791323116677869,0.0076878184525298494
0.015553169499814154,0.029878864285780835,0.00305989412723823,0.01712371503795843,0.011271366069298622,0.013863864332697753,0.01665222170311423,0.00985366476291373,0.009547921951697368,0.014826603979616382,0.022497703264947506,0.010343612034838957,0.010444954938676303,0.011090410559543136,0.010566789072133272
0.016048106147553764,0.028359509428799612,0.002740394244863731,0.013799563713723872,0.011773590900348761,0.013363539529712724,0.023099606174343822,0.009848531162725714,0.01035767857876241,0.013528548644227393,0.022490187321427116,0.010743510596771848,0.009317376255787876,0.010716256505999413,0.009313009935712992
0.016156460178508837,0.02748286407720951,0.0027361508750555546,0.016066292571807698,0.010421333638974843,0.01382760764429256,0.01579823575296463,0.009369905376099094,0.009844381622073363,0.01622985486990306,0.022013257309349256,0.009678115241661019,0.010029431578921262,0.010318552881059359,0.010125741804238569
0.015515238471616143,0.026444919917930326,0.002479404954994951,0.014590330771112752,0.010717468771215133,0.013327859600276645,0.02136198276071461,0.009568678541863457,0.010603386479213564,0.014612983282792414,0.022098703857959433,0.009856431544971846,0.009506110705576746,0.009989426259479134,0.009538367388191938
0.01516704982137421,0.02810972977708135,0.002545502372788786,0.015882936582688523,0.010289919890356969,0.013844780133963614,0.016690512157766527,0.00953523042193291,0.01016162377466809,0.014571374631756196,0.021258443507474255,0.009786595651483028,0.010245603406949164,0.010013505358182885,0.010370868649356397
0.015373143175306749,0.025924432763167762,0.002303933328216729,0.014357051177854881,0.010418674242378634,0.013332469335388428,0.01720191523891578,0.009496446479378027,0.010503633358883649,0.013217460335709943,0.021614121442063726,0.009777403264016602,0.009341207112275478,0.009856483276574143,0.009434350749649933
0.014914005285752336,0.025623801881446518,0.003153944957513165,0.015693607769808424,0.010023079788880208,0.01590567321369734,0.01918819324402683,0.009208282273722609,0.009595292138936002,0.014782441647962668,0.021725304555297354,0.00924185753472211,0.009854773505323468,0.010947193835478968,0.00993381635081172
0.014597774378543265,0.024554131824424168,0.002997029349070891,0.013997384549320624,0.010270101522656916,0.01433552695514373,0.020987162413669127,0.009257353582580972,0.010005171037746135,0.013455683607670289,0.022831843639502858,0.009273633463403248,0.009180860695773108,0.010307984402390924,0.009225461562036422
0.01478838067963373,0.023773182163127956,0.003088972621255578,0.014683025679953316,0.009291832063303697,0.01595318424986944,0.022558274012026945,0.00852040431964789,0.008868556005975364,0.014243873235914594,0.02165290490811892,0.008501067781166292,0.00909944296285721,0.010112013781171676,0.009193667252750273
0.014355647086760797,0.02292426706910999,0.002771115117482211,0.013476725496397451,0.009448360680081794,0.014734606018018398,0.01905322463335009,0.008373677156070864,0.009414838050746901,0.012897147313657613,0.0240855407707339,0.008605265318013592,0.008360325964648257,0.009715527935913782,0.008412324695393974
0.013896024762754726,0.02237902506342843,0.0027951251880736073,0.015609349426786599,0.008629781042418223,0.015325069145032805,0.01825527735299101,0.0078944650360381,0.008279963002296309,0.012900822286298484,0.026638657104269048,0.007960317090683901,0.008220728214611112,0.009786403448579766,0.008316670129997714
0.016573848802020518,0.03135554435119598,0.002584913412966935,0.014877372427774906,0.013324461768411223,0.015224217782044493,0.01896937730849518,0.009751119045743618,0.011117367961322662,0.017964636883303017,0.029961750614493254,0.011727978334653779,0.010190386662106673,0.009657607583255888,0.010251444193701532
0.015285009807303433,0.026229432292522076,0.002816734408118612,0.014908194560555256,0.013575366250616663,0.015279271426302225,0.025447884913359524,0.009122835074480756,0.010797448415102773,0.01612407963959149,0.037504813151524055,0.011632427190354682,0.009168522783453733,0.010315993922197226,0.009158717203835333
0.01513635473316271,0.028202976858953465,0.0025484905477718735,0.01476119619359515,0.011744636168362419,0.014897087360576591,0.016281130214903034,0.008312012488877099,0.00966874639483445,0.016021409060620474,0.026704048165338806,0.010416035322165553,0.008471259956288484,0.010337871197597902,0.008486199103500507
0.01655548933249941,0.026356456526164876,0.002548281046587477,0.014298411419077797,0.012468914364669919,0.014780269390200667,0.018691686434786314,0.008882862116631444,0.010123143824928073,0.014434363450749716,0.032053906250692946,0.010857387137436671,0.009212124045715413,0.00997329476010557,0.0093086989723614
0.016467736904844387,0.02735306432324693,0.0023284315596145706,0.014679305574095757,0.011646029827175091,0.01512728995134557,0.014960320524732191,0.00917267403816863,0.010150155787048093,0.014569521949886524,0.025359148713750838,0.010788147497848719,0.009323632573539154,0.009638977636119584,0.009382182401388552
0.015590607237827868,0.025689676623504062,0.002684892469391153,0.014181468572245034,0.011816807922494984,0.01513567346725992,0.01765131179472947,0.008813902327836057,0.009860714194349597,0.013275099678687981,0.03029460140171336,0.010703836936419287,0.008685360352223165,0.010030432103101729,0.00869501794929034
0.015107950372309385,0.024988006431238618,0.00245980515390596,0.015021454878621252,0.010667804795597537,0.014837830211336387,0.014788424264701856,0.008401448206861426,0.009084505358015828,0.013875972856677844,0.023181121925561068,0.009765740574500336,0.00806142323344483,0.009982197874072294,0.00804643456716054
0.015281339750477258,0.02393262091328909,0.002448163755050128,0.013725621604262321,0.01105535552360312,0.01466438619770315,0.015147651518430772,0.007919611386390772,0.008867785310981272,0.016954057369781908,0.02731122011499005,0.009755074589844155,0.007859834545354402,0.00968891023827574,0.007905963340705624
0.015051759652702721,0.02307731308388413,0.002221851750003776,0.014136483310007206,0.010299486592072044,0.014468324322095659,0.015501008068424556,0.007410401235027741,0.008333718917551261,0.015392608022280398,0.024463099272132926,0.009124711416642091,0.007389587438930609,0.009641223852536828,0.007419094025694985
0.014421543285562721,0.0223413718850487,0.0022204860225686547,0.013397496224228686,0.00997350785228304,0.014309294470591918,0.013888454993303503,0.006865054546260113,0.008018264075950781,0.014969945498747346,0.024562797478421758,0.009070914976986179,0.006942907263030112,0.009235019652129684,0.006993341516478438
0.014006484598142582,0.02149616326856652,0.0021839527514394756,0.01345627070477784,0.009432148250677197,0.014093283701914459,0.013882456885790439,0.0067472982659518696,0.007635163154379013,0.013778612723891661,0.02332537644999856,0.008769435708538808,0.0066565984587598995,0.009698909246577389,0.006693139955274216
0.013471250547515683,0.020822334781200373,0.002134516925508302,0.012883419610402312,0.009256794777321897,0.014719648342703888,0.013292039687231446,0.006635214753095182,0.007273203005946889,0.013531848824021198,0.02429018949908214,0.008441207761141368,0.006535537818778677,0.009181921362395411,0.0065728579686746905
0.013057350807195342,0.020556840542349755,0.001982895394733222,0.012863737099850054,0.008829874375926139,0.014152639634080103,0.013634207940556635,0.0066155389023313145,0.007085584993193878,0.012627504436384085,0.022387296954747046,0.00809332518935115,0.006554961577622554,0.008925561956845235,0.006584034190327898
0.012786062071639591,0.02012020709297231,0.002025323104153073,0.013841075473522263,0.00879056945817468,0.01416579861116344,0.015352434174689513,0.006267085443970362,0.006841944292634301,0.012463116057958126,0.023408614864314288,0.007898927440978212,0.006131150712643717,0.008852315084754182,0.006143242561580665
0.012392696355337256,0.019901914756504446,0.0019025073117585791,0.01254602288101706,0.008930431319206029,0.013869377510030473,0.01412743882120647,0.006117936738199563,0.006608109821291618,0.012830777997960296,0.02208217885826999,0.007761625294451411,0.0060125360612700764,0.008508045400902376,0.006042652536006884
0.012255975258486674,0.01918619148504023,0.0018643383917578515,0.01317565833804392,0.008914687777188984,0.013779500781038815,0.015612185328409753,0.005892952271024131,0.006408460143253482,0.012347262677749138,0.022438648062274844,0.007549417995469352,0.005693856844413227,0.008372103498041478,0.005714721778291595
0.012712578231996974,0.02106626834610092,0.0018318752478694777,0.014291867087376581,0.010151907040851518,0.01402485393179147,0.014920000229613954,0.007286307464941517,0.007846667812273707,0.013072874328396345,0.022039974874567915,0.009349077370255933,0.007708998611706733,0.008714114506139617,0.007789792561037753
0.01426098194705621,0.019528371394839115,0.0018266077246081184,0.014807836743358654,0.012043351762644983,0.01361174017593556,0.020913082250456266,0.007899710159672599,0.008762704660596367,0.01657480938078524,0.022645403376297054,0.010547586352857755,0.007818589653169849,0.008666654828713757,0.007823139685977105
0.013565642107749173,0.019268719981978953,0.0017878558654313543,0.013779493013349804,0.01140636657423119,0.013594116017896743,0.02426141579537976,0.007216286510162065,0.007941901212515333,0.015135224451435931,0.021476864765721127,0.009863517001336272,0.007252654061928361,0.00842797470248951,0.007242358677776753
0.013792428390342018,0.022176409346571124,0.0022169966181488244,0.014465537189215052,0.01103032530099817,0.01333310849791616,0.01780157594456133,0.007054030058608028,0.007939679843366737,0.015011252614851025,0.02170295129669301,0.009503835707482929,0.006975623101102818,0.009276378900154408,0.0069817731076423865
0.013341237591538603,0.02259729675077042,0.002128019018070791,0.014184023041655535,0.010590435406401803,0.01321510239418096,0.021218354560125108,0.006611886975788307,0.007362977629850178,0.013947106937366545,0.021169470307605107,0.008963942011011227,0.006524211814850685,0.008781672981852227,0.006528726115692445
0.012935794364623476,0.024894158925275914,0.002139594687908186,0.016896073012807957,0.01035819466479112,0.013370268372098709,0.02462077530533456,0.006270821583626665,0.007098280538089026,0.039728473582322385,0.021434061301743225,0.0096176748166794,0.006159641461848996,0.00872374805840445,0.006156046936567259
0.013797675193342216,0.022684762577860843,0.0020003073538798458,0.01477550418839909,0.010116386154102963,0.013286991781441597,0.018889110495552537,0.006189114217451517,0.006908060831981873,0.03180062338758447,0.02128722828593926,0.009363456584494022,0.006221982584326746,0.008381206211941931,0.006198967728572868
0.01439962123713017,0.023786346880837236,0.0022796400844068984,0.01574512706297938,0.009400152353250589,0.013094636006826164,0.01905135803092306,0.005987873141397311,0.006813020851908902,0.033763431259168454,0.020848831109839337,0.008738740832138459,0.005917510343774622,0.009061147869981061,0.0058851737326836365
0.014781855651219013,0.022151327181079185,0.002387206206582765,0.014356066452836687,0.009515907418581087,0.013384795388367234,0.0191030763124624,0.005717475409905844,0.00676060657297349,0.027227739782049114,0.020912992366995672,0.00884077207234894,0.006030772985462324,0.009241055575101464,0.0060083028797284195
0.017302624660222046,0.021693099805685102,0.002310501431166287,0.016960025261042823,0.010576339672838086,0.013076600469492373,0.01698817898129241,0.007375964430339199,0.008405134359595308,0.0282191635029812,0.020972433782939746,0.010278240195913592,0.007436006714496314,0.008823154635128843,0.007414879204817061
0.018720042841861736,0.02616468903575353,0.002447062633073246,0.014088116893506437,0.011471115969427964,0.01354979428123183,0.02186156533956506,0.00812413014256979,0.009239984195615204,0.022985151449136522,0.021285721656558544,0.01098638827236007,0.008031758252983745,0.009407992975066943,0.007901235166786882
0.01733521374989595,0.023549850719266862,0.0023648765809791395,0.015676372633242463,0.010718670468311223,0.013043340076478074,0.015199968782957303,0.007562241930574663,0.008628521247932515,0.023874609969880098,0.02260856596062401,0.010119273768493009,0.007379134594280663,0.009285463677337067,0.007267179969184206
0.01861722153777358,0.026559404087722907,0.0023296991503186917,0.01520093553989083,0.011867220813953305,0.013683998242911746,0.01746486456696126,0.00867190033497076,0.009535497409442812,0.020472157524421757,0.02263251703588225,0.011472908558516712,0.008768944785720233,0.008928906324004953,0.00878826056846514
0.017373253510398014,0.02390470624327022,0.0024301427623504433,0.015802802318536258,0.012014821959224544,0.013074431351591014,0.018219325408546597,0.008649438814211345,0.009556414693720152,0.02345677213860087,0.024994426048347607,0.011392872694209926,0.008172959681579876,0.00997325401753847,0.008115791948136544
0.016643404062017534,0.02819431977336475,0.0023854802593958847,0.015117624392381759,0.011185210487885105,0.013199036750394773,0.01571589759720565,0.008008118823241627,0.008713500768483403,0.019819786071934607,0.021842801619564218,0.010595474848450127,0.007674805944195489,0.010065240966464741,0.007651100947937065
0.016885906098107927,0.024991490222510526,0.0024399817389430555,0.015450530441476701,0.011662998351276219,0.013631451785503491,0.015368289857540057,0.008994631945446065,0.009616991849891182,0.021529279516866846,0.03265016492044592,0.010906245516941433,0.008887140312903097,0.009629851182172964,0.008878878865378793
0.016355761743808025,0.02496648606084351,0.002990878498363408,0.014600258621770732,0.011211203885499597,0.013137670705939105,0.014179748675017605,0.008797248745434088,0.009317777311094929,0.018495429248664545,0.040879401618595684,0.010380777370631304,0.008368290324584785,0.01171072899272831,0.00831993227076944
0.015618809083571708,0.023591233785925404,0.002779567119778843,0.015367243414632345,0.010828508173466183,0.01365475622000789,0.014768647522220306,0.008150563681877637,0.008825940895613725,0.01857824035670751,0.028588237847682368,0.009950273445740595,0.007895346462634421,0.010737563657714697,0.00785905589944066
0.014894763814574575,0.022874731087549324,0.0026939990932210688,0.014010067892203062,0.010395347516544634,0.013140242299382899,0.014785472024923524,0.007579391678777969,0.008275675945006264,0.01615491711065169,0.033762374984699556,0.009401834577240812,0.007281680928837481,0.010735073892411715,0.00724935692856253
0.016147334848829128,0.023971957724971647,0.0025673454389902395,0.015616791458226153,0.011181717191962332,0.013352177825182089,0.01904468451513027,0.007932555261962317,0.008811467233643074,0.01810511064945781,0.02552880415591699,0.010053297122277855,0.007955180997660214,0.010276051500425794,0.00795738296410437
0.015045955203981685,0.022340352019284634,0.002838584651788499,0.013761542199773292,0.011134652465258006,0.01300788799252014,0.029345520259000866,0.007558683575381427,0.008618333700665086,0.01608767040838619,0.029257388845485073,0.009769856755276455,0.007234931635626721,0.011454251946832344,0.007198769732242384
0.014875021707856926,0.022510653922426925,0.002924458776031586,0.014592990528914662,0.010230244287372056,0.012952196283807931,0.018801607017231308,0.006872504810168108,0.007789670094312664,0.016258145977632418,0.023359598177315116,0.008997096587643425,0.0068306218090632255,0.011720590341935455,0.006817829496965435
0.014158226302599906,0.021411510576820243,0.0029010539288914965,0.01335964136256753,0.010127556049143373,0.01281874071094248,0.021033734418340756,0.006604080592419102,0.007664989049765503,0.014474511043153589,0.025924730794440003,0.008808237234704287,0.0063914846609223145,0.011401332118109495,0.006387125690978697
0.01364320201972718,0.020837855298052137,0.0026929577152732596,0.013879126164736941,0.009327207250658312,0.012672942987737938,0.015966840023800423,0.00609740312029411,0.007025970321406427,0.014420544585378805,0.022348391753242637,0.008129459859552669,0.006054763764797072,0.010955853312094154,0.006053197172770446
0.013487608810280804,0.020077266137485582,0.002802013631251081,0.013129352104853659,0.00921750624002713,0.012806604956529199,0.016442188241151658,0.005941594780700712,0.006984876199850922,0.013178716256078204,0.023768069347164942,0.008080274769839395,0.005793175501390682,0.011290196970060815,0.005801795283649772
0.013193008748774522,0.020747101160308087,0.002589862595454665,0.013325575684246744,0.008601272305440152,0.012508305822336831,0.014250783734155139,0.005682680861974162,0.006443083564358712,0.013891397137145418,0.021842236353364717,0.007614716883610222,0.005688982005326293,0.010690282225339498,0.005676466436494176
0.01521687526454336,0.0198815000037463,0.0026383883363574616,0.013631811359857091,0.009940292926751207,0.012456129792878436,0.014916599334420839,0.007046472146238892,0.007697599366764725,0.01300255984568759,0.022443949784795452,0.008673450978175606,0.0074579423457794055,0.011442098409987823,0.007477495738833074
0.01530096191947967,0.031029105305583303,0.0024233659976135797,0.013520644011840898,0.011379880453135432,0.012377168223812263,0.017808255203157413,0.007594840616275882,0.008480763510567797,0.015016046733675457,0.02539621936352887,0.009966987546956829,0.007722241958275472,0.01075874781187758,0.007633883022191171
0.014568882591561446,0.025330652404225384,0.002357305488675575,0.013070626804178,0.011030246597948592,0.013008434693786956,0.017492465341698613,0.007125630270452801,0.008098584908898422,0.01355865620925792,0.03026837948418318,0.00965489512158083,0.007152299832461312,0.01045439932301581,0.007062571965625922
0.014708039056129728,0.029084912430608983,0.0021755696661764465,0.01426520513850379,0.010561131257519585,0.014459093375494624,0.01591502283831069,0.007036788734773145,0.00822294539410482,0.014493211404582585,0.02365228006886549,0.009268639642844788,0.00736334601136271,0.010074806308350342,0.007372103030491173
0.013945773612228485,0.026197859310246666,0.0024619765295974634,0.012926885072447068,0.010364483379701781,0.0133937846336128,0.017616239242043665,0.006631898381263053,0.007994994056612493,0.013291227327732476,0.02651160907488426,0.009018432623849729,0.006788956985508917,0.010204801527649153,0.006777894197532633
0.013622204288596593,0.026572290233066,0.0024748948603725497,0.013743592975628724,0.009634869604139083,0.014144139743290058,0.01714736919305165,0.006200199140020175,0.007357963304371056,0.013548420388821803,0.023298296603248,0.008477163126741736,0.006419530193558474,0.01053033936809008,0.0064257041126293424
0.013085256417017957,0.025081931369390548,0.0028937795870978395,0.012581445929437463,0.009476913904300562,0.013468867807647571,0.01645375003402683,0.005937438913130411,0.0071659529158726865,0.012464259343689402,0.026279504702359496,0.008283289157285012,0.006075998864361927,0.011019364332219738,0.006085892400629438
0.012931475418087814,0.024752423353276293,0.0027511303861937875,0.013305006961848293,0.009494988267140552,0.013587380615776013,0.022568309131798595,0.0065098053345911955,0.0072805654827020365,0.013190076399011071,0.02312595582966985,0.008317716833307941,0.007066104299745645,0.011048226347222058,0.007011798101840447
0.012706952626086225,0.024167447597514716,0.0030446464803508687,0.01238246456304234,0.009519413849747754,0.013297058432888644,0.015363361523268679,0.006446033339283241,0.007266743594518916,0.012337572393393953,0.024609636372697422,0.00828311908384164,0.006564361304894018,0.011109509079248278,0.006513809259073442
0.012621504592722085,0.02632585811692924,0.0027772324992098116,0.013381905562362654,0.00989594814037308,0.013229331396367096,0.017864471467269626,0.0066430514187083775,0.007318076189482726,0.012851648444289186,0.023093637970911463,0.008652574929379814,0.006914566115013202,0.010587645936248457,0.006901220718393227
0.012296627514013926,0.024218944133085233,0.0029388875900852596,0.012185206518554634,0.010175326313326414,0.01791010426836875,0.019157897328979524,0.006487450219135803,0.007427785546465241,0.01196734065195223,0.025490570808644284,0.008661253613446118,0.00639650025126244,0.01048495855678291,0.006364424311669433
0.012458732914134081,0.02441818509240947,0.0027660918824914727,0.014252332373270529,0.010282971519059311,0.015134709401680753,0.016026872276069228,0.0073956638108447995,0.007811279340726142,0.014060101129880896,0.02258487215955336,0.009065369967073682,0.007743580526800915,0.01035127138717129,0.007722246748876343
0.012084897795315528,0.023143207176237204,0.0031603209559243083,0.012255721805578913,0.01063292595068322,0.01878802117560048,0.020085982466150277,0.0073126122960656915,0.008052926847395739,0.012816876173216456,0.025141700856100943,0.009100664005027233,0.007080597636713481,0.011590135401872375,0.0070032023631816055
0.01259806993306314,0.02279303561347076,0.0028497494474632496,0.013539355676158134,0.009863852132888363,0.017827851702611502,0.01490642310742119,0.007006343117323277,0.007582768497989631,0.013548203513984149,0.02335177032721228,0.008787214715800785,0.007627462874800014,0.010772022951756144,0.0075295026847235266
0.012133069967645824,0.02247947101138345,0.0028093447943061916,0.012478980630084261,0.01040090311918064,0.017886325083132336,0.01642469302731478,0.007336618378389642,0.008087084789403743,0.013144443076959769,0.026738808974207925,0.009112562525894959,0.007324390171901079,0.010485909085369203,0.007274436668515515
0.01193691457015809,0.021672452425845215,0.0026841458579963478,0.012908744031415615,0.00939450096836807,0.017462775731938506,0.01568686230021281,0.006824841975965528,0.007218167371583536,0.013116159095043262,0.022184295062627965,0.008380207109534571,0.007086167262041503,0.010329764356040041,0.007094214413513886
0.011704532019270481,0.021071832960956556,0.0026117292858845232,0.012165683787240289,0.00957204924765075,0.017656532542447055,0.014824423398946273,0.006664144068767167,0.0073441596126534595,0.012270468481425411,0.024476676050210484,0.008360342298045628,0.006584057364386636,0.0101528777050139,0.006583692552739998
0.01149329973081375,0.020869918976458842,0.002414642652281113,0.013669337159635107,0.00890778223797547,0.017173055730592728,0.015696464607049154,0.0068757592048940865,0.007389218180288365,0.013364276610415927,0.021826607738971014,0.009010468352609113,0.007450411684973141,0.009845735911581192,0.007351212490726083
0.011967443578341177,0.01996183366121481,0.0025412184708935746,0.012017374743993024,0.009503572195149603,0.017053669499218688,0.016649934934920767,0.007039803893446005,0.008035122519978012,0.0134995430716513,0.0234099733555179,0.009318211127807391,0.007186768264181825,0.010173506182411312,0.007310861650873211
0.011766806164697411,0.019409898151345445,0.00292086113144821,0.012968287114011056,0.008971455784083805,0.016689506905763728,0.016342812638423063,0.006645086403003515,0.007610822007490077,0.013011733895789928,0.021294827769929463,0.008690351047765346,0.006934821943149993,0.011329533375018672,0.007250338843386813
0.011695922015648065,0.019257814473547127,0.0028696896847631775,0.011979198820589086,0.008951222763309284,0.01649525169889543,0.025596206063345495,0.0064512945380558505,0.007639261661314003,0.012745529898494534,0.023681193806946426,0.008656252153341164,0.006450741714093131,0.010687698186619242,0.006694080644429454
0.011666332402456802,0.018999971856264505,0.0027724474932400486,0.01284462149685253,0.008463323296684292,0.016255014870614565,0.02973734966240563,0.006574338936850076,0.00729104545549065,0.012541139490549892,0.024615945212711963,0.008157836674855078,0.007051386725870298,0.010645066078600498,0.007230149459832391
0.011588356360673341,0.018424559076672745,0.002658780302967983,0.011788972660255817,0.008578926936413258,0.017439624098622833,0.021247389190641668,0.006666585908134351,0.007499248397583495,0.012008839716002553,0.022908014892351728,0.008226063717577807,0.0067047127922458104,0.01022237428537313,0.006837600579702021
0.011613943335873688,0.020673842616130415,0.0026091204727665056,0.012755409854471161,0.00908732506509834,0.016576969440345278,0.02224138945141767,0.0061245803679348875,0.006734497693885974,0.012253815165685864,0.023745529737304916,0.008013297482107577,0.006298300561758809,0.01039025704341305,0.00640995442390714
0.013171592907578068,0.020595801581487175,0.003027109228438707,0.01408191041548768,0.01203066468324278,0.01771749044060566,0.01842791037512154,0.010471347675802378,0.010968200140134166,0.014149706669135051,0.025815087681692436,0.011952073836749861,0.01136974537377442,0.012423754279930288,0.01155420885044636
0.012563954591934497,0.01973544791685428,0.0028065010284875763,0.01253746082034471,0.011904963018628924,0.016688808756349226,0.024979593625522697,0.010269698604621123,0.011346983049391537,0.013273413103662979,0.026620460651825398,0.011795914385182205,0.009895214798336991,0.011562926592765966,0.009908939410147475
0.012571687332645898,0.020055958168651605,0.0028586078769527166,0.013414668549866123,0.01077447514599029,0.017199020900261073,0.016381507271350865,0.009029273980077397,0.009912921732208755,0.013124563293749409,0.023726783433051374,0.010732442686694502,0.009667988814249436,0.011890737347133886,0.009684395874802285
0.012165804732132605,0.019585461220229756,0.0027507081644479836,0.012456696914222541,0.010649335712375545,0.016815552720510142,0.020472807536615033,0.008836329315804282,0.01015829822765323,0.012335005929834934,0.02445990818595404,0.010596237356919478,0.008781304251091467,0.011293431047766145,0.008776033357553238
0.011996769044646985,0.020880093011903952,0.0029002920598221373,0.01286324750879796,0.009909710797431814,0.016597513328996824,0.01500060525365467,0.007942859168324606,0.008723728886940493,0.012117545613669036,0.022612207725005738,0.00952337051931015,0.008244965893112284,0.012125090793535158,0.008263650095486432
0.011756875270853989,0.019771422340989518,0.0026709617477306147,0.012376644114338786,0.009853982771353322,0.017440044034517474,0.01623960749881539,0.008044238432953875,0.009100914748882014,0.011599758043822067,0.02444336116971048,0.009432866787975275,0.007936018989397234,0.011675821828943712,0.007940672238535002
0.01481278241249607,0.023098323324106947,0.002766357651660578,0.013621987788214707,0.010795415821538474,0.017093102438116528,0.01504490791659341,0.009876007407656812,0.01055704077847844,0.011456015248888965,0.023768560183750172,0.010781416336643866,0.010699628020008406,0.011502965257573943,0.010814499786972664
0.01564512454420409,0.0226654885522529,0.002810662447792683,0.012256757705685881,0.011176816177658241,0.016843608707991314,0.019328364325583464,0.009748345248730245,0.011069307921805247,0.011208916489325467,0.02347330812674047,0.01088102973397163,0.009445963797095381,0.012410648292104984,0.009436064722395911
0.017106870437514292,0.025236404250111467,0.003191846491140985,0.014706119208648947,0.01104036443696091,0.016659905748246863,0.015622707271502521,0.009671954008490294,0.010329530107418758,0.011023312741742093,0.023536803925716932,0.010745251410762735,0.01010653469346527,0.012492836481208908,0.010187966351474686
0.017005004021363054,0.02296167369157299,0.0030367408363236505,0.015446312358864194,0.012400813036597423,0.01637897233260897,0.023687375334787982,0.010407961407508208,0.011750229802112657,0.0130389120435261,0.022842965309268076,0.012342439882285538,0.010086122684953642,0.011908752401566964,0.010148422517594282
0.016043297430404356,0.02385021194334399,0.0029897428404818353,0.01586893524355363,0.011313168243618171,0.016129630964412903,0.022353815899713244,0.00921233457622091,0.01028577913277932,0.012084450209296946,0.022096476382564754,0.01138410757222134,0.009257898763176347,0.011522659361875036,0.009305680001609438
0.015573896923441828,0.02231138883841745,0.002912935732795165,0.014710275092490599,0.01106510116805664,0.017257458438030435,0.018447759431091105,0.008853173102894893,0.010270815818270192,0.012046127545998457,0.021845331053624975,0.010912057443098911,0.008494621066526202,0.011483199558518337,0.008551606009183161
0.015364052499663132,0.02285310007831542,0.0027795915872907183,0.018100740504710135,0.01082372910574473,0.016328524563386796,0.017501097655428597,0.008444182025519966,0.009461219755684378,0.013317414827111258,0.0222622495786841,0.010977530484428177,0.008411210625063193,0.011133915661125551,0.008414787496380877
0.014794448043162909,0.021672043856646145,0.0025870824843972364,0.05485512381567341,0.012071264714374575,0.01642793782205139,0.02132324940372921,0.008171644888922157,0.009845247731028265,0.012580160374161112,0.022673125039459917,0.011753994800416712,0.007681849095813018,0.010803914414900027,0.007680059413408044
0.015394493625432382,0.02114571318330101,0.0025311405951333843,0.024603608406013566,0.011444878893686417,0.016003073689577554,0.03555742125331027,0.007224142092113129,0.008743258686164136,0.012397445500473489,0.022503396935793122,0.010894817217432946,0.007130211499180582,0.010459220076098175,0.007140515911228219
0.015022127127636958,0.020339554435349943,0.002436491406920677,0.047283706455783676,0.010954692377265478,0.01717215390050774,0.028098016169887295,0.007253919144105896,0.008748283539633703,0.012051459951370145,0.02354915541460444,0.010307075254448173,0.006967933152950392,0.010188190841875642,0.006985608431593387
0.021257337617521944,0.0235242856158096,0.0023268818462160033,0.026501803293598736,0.012273362368373059,0.0162356214477982,0.025034761962383207,0.00684201420041731,0.008145366767531635,0.01881349191185707,0.02233915703757404,0.010560260732911574,0.006576344295711236,0.009959572167494051,0.006599086632753539
0.018778248622618652,0.021802645446196714,0.002327246969753556,0.04255586009615192,0.012099345032741462,0.016359100437776355,0.023255802590666574,0.007077908796386917,0.008449123667277625,0.016690332471755432,0.024304507149210414,0.010337700830147923,0.006801277467111527,0.01021676619696349,0.006848466892394838
0.018273728121620883,0.0233589282367093,0.002207091918806934,0.029037786350058978,0.01132268571101495,0.01697452126619709,0.022710050401334062,0.007894661098639835,0.008657235667102773,0.01673175928870199,0.022066390673158933,0.010234359797946251,0.008023352641387097,0.00972855006519665,0.008078902127899556
0.01797042122009318,0.02396579566910976,0.0022007550978522814,0.037529021120773755,0.011768436296041877,0.01632715458476177,0.022492438478589144,0.008039465827913572,0.008928363771380713,0.015711423116885007,0.023601661524918837,0.010517195558305593,0.00783843779350847,0.009544649310337642,0.007819307691040474
0.01692940035819941,0.024320696362828992,0.00217499814584371,0.02790654063890949,0.01121186221916614,0.01675976172571715,0.027436447342881295,0.008392805507967718,0.009158420889870263,0.015319247421560355,0.02209583891310691,0.010051607704098985,0.0087755998889197,0.009415788403856415,0.008748497950503873
0.01618433442697085,0.02285709802217405,0.002096694273421704,0.03334049269416531,0.01101664243708297,0.016223615131965557,0.02030465636113182,0.008514543298794296,0.00927419569360198,0.015820991256861507,0.023573738927756875,0.009730975373279242,0.008338611769346933,0.009106568118057332,0.008311336591404365
0.015551064184316074,0.022432542771004472,0.0019912299101630085,0.02647395129723841,0.01008495221534271,0.01621712466423743,0.023844197078425063,0.007662782058702633,0.008142500890302266,0.01547946993651175,0.021495845662538832,0.009061888114492036,0.007678388140387278,0.009070216981319913,0.00765828290874241
0.015247762879156463,0.02258507086168399,0.0022457782366807,0.030120418434582442,0.010038568720660614,0.01582671959180049,0.021644031988063958,0.00742787438315883,0.008165920381058836,0.014579728690511445,0.02214892110241884,0.008800578638795173,0.007187745027138012,0.00895428793389385,0.0071934130695421195
0.017009023085523958,0.021397440280973692,0.0022229064745278738,0.025156108453524145,0.009757243440508262,0.0157126785477529,0.020323398013035118,0.007010305780275053,0.007391208415857981,0.01388273973697475,0.02134988735608108,0.00831384079673462,0.0069384334616644635,0.009122364974586383,0.006916864706355235
0.019737234295717068,0.021861697913659647,0.002489945901181882,0.027229449902196737,0.010022557214505585,0.015408535168947246,0.017009567573474216,0.006769675361477866,0.007482583550613878,0.014214242107774024,0.02199206878477122,0.008153029110472203,0.006572632471579295,0.008998793856550221,0.006558974155439278
0.01805645891608722,0.020793537914365952,0.002366427091101756,0.024278368897890076,0.00988096287756126,0.01529867511661525,0.017575597465719153,0.006382864358691881,0.006789447520565801,0.013321334181154738,0.020800103384747932,0.007999716350466061,0.006250463417673402,0.008921325263152586,0.006255680559226069
0.0172672362705264,0.020703243835222457,0.002298150769142726,0.02484703166025653,0.010392846462719514,0.016188665439649287,0.02310848636949156,0.007017876497812911,0.007868871933847107,0.015263843798345998,0.021479136394383855,0.009940981495944285,0.007116683845183306,0.008939725246976523,0.006999350657205179
0.016331627154426143,0.01990388854280358,0.002245792706558709,0.02279173606522398,0.009904261693023194,0.01540064197056433,0.018550623211287164,0.006877279836498834,0.007692641079323139,0.01381418316656549,0.037908525396363475,0.009726495813098398,0.006631720590208117,0.009351263222157909,0.006579246541437144
0.019655735746168537,0.022766663440337735,0.002297741507325319,0.02275799448014203,0.010793185667407673,0.015809849498433816,0.01867655735405505,0.007681591531036635,0.00805135790014901,0.014305936184436823,0.05422398740726653,0.009592260923370358,0.008063925002879035,0.009560221974409566,0.008077698551174933
0.02622102611122756,0.022243664617674398,0.0025141757288299053,0.02527654948288778,0.012456174070173404,0.0152156190591928,0.015629888052948106,0.00823002883750828,0.008863184699364701,0.015241841856320073,0.034388225484272526,0.010673981682272283,0.00848275923588178,0.010168726542197576,0.00849213126989304
0.023664594156504886,0.021606223916722955,0.002362301185721714,0.021435229886448616,0.012058968656360629,0.015199005830141981,0.015974136712431083,0.007542230533102523,0.008230854571883807,0.01451196138724818,0.04335806712496129,0.010013156115481368,0.00772973787696032,0.009707896178498336,0.0077119321641341875
0.02248618389128884,0.02128177886514723,0.0023920200181653684,0.023103985634378262,0.01128250532935996,0.014914079759392438,0.014808219596738177,0.007083216038760846,0.007798817131561768,0.013741599160739228,0.029334508368654505,0.009487201437902089,0.007234270080846591,0.009440340115881891,0.007228648082356931
0.02107096489872992,0.02137986146935023,0.0022352666394237683,0.02017616297014543,0.010903262242124415,0.0148977289169073,0.015583608379822034,0.006667204969162243,0.00731702975970813,0.01320633306821735,0.03577766015103316,0.008935520947054344,0.006825308945009025,0.009123316371273471,0.006842429203127673
0.020057158022188458,0.02221585009264753,0.0022400224936829378,0.0211880699548334,0.010372513279166598,0.014652708626806742,0.015541589263889898,0.00653615187562614,0.007351009942758893,0.012777388693824346,0.025918456639848486,0.008854452710594084,0.006697519277814971,0.008909246752085204,0.006712997306044249
0.018999506657397257,0.02274218427675657,0.002201283852653482,0.019189940530868546,0.010334335084007168,0.014469173574329612,0.014973321393655821,0.006363982701199252,0.007193784897281808,0.012364915389077653,0.03059805132865627,0.008753977852809841,0.006459433277926117,0.008887470667127122,0.006488281097434958
0.018611746257313103,0.02152277188409861,0.002444589235916203,0.019627856478689178,0.01025809098869629,0.014274786418669283,0.01659625495655201,0.006926857183863873,0.007253752428976508,0.013246542805992058,0.024245319779739715,0.008731961722971117,0.007190055893497063,0.008982821847764989,0.007221180449182099
0.019115298736175613,0.027939794765138876,0.002264190874498889,0.01962256023368162,0.01374761438851409,0.017066795608661457,0.019975382161057584,0.01046750706741868,0.011493649050153421,0.014918352152182672,0.02903794549312147,0.013326069426689758,0.011692988934961988,0.009061814508150622,0.011793599159534143
0.028805987021450877,0.02636371361650063,0.0022653713361060306,0.026593269487137482,0.01967493654798093,0.01721307465833896,0.041709953200275984,0.01729219511088505,0.017760637607620918,0.026520107064895403,0.030122936708967846,0.021016130836763743,0.01717254644918552,0.008707868792478842,0.017822871244230792
0.02670919734518353,0.02596708850808005,0.0020935729600049073,0.024344607930449742,0.02285609295235518,0.020144388686088498,0.04280198257175792,0.023322715091020792,0.023249725412236973,0.025677756999560368,0.03174099126832775,0.02493195357268361,0.024381660062469633,0.008436331656302278,0.024218163165904236
0.025202776908123,0.02511677120070329,0.002389548900625934,0.02453759205556854,0.021736598183839786,0.01963792442355251,0.04440980194449251,0.022435366501252746,0.02273341911051703,0.027067165748557512,0.032120461451457215,0.02321537373796111,0.021831429250997684,0.00940399844893695,0.0215874835260109
0.03023646252397334,0.03273366259370283,0.002693021593682746,0.03437965952508497,0.02559032455553338,0.021034448990452405,0.03352623042678419,0.02470720509123845,0.024699338532323614,0.03081339050656178,0.03517208184521585,0.027122871277491994,0.025472003892718163,0.010430010732999529,0.02578640114151558
0.028588696920755385,0.03885527494758526,0.002575817213454589,0.024438012624438198,0.02677141533429287,0.021020104872307006,0.04613167305025657,0.025057891970233625,0.02627804476943017,0.029294517607739223,0.04198108147643855,0.027747763893230748,0.0245096594937383,0.009733921083482418,0.024540766552045946
0.026691504621701567,0.03414266805441379,0.0024335799413358733,0.030843934769181115,0.023475700040014324,0.020502020389697423,0.03237628909557801,0.021775788982349747,0.022625097837199487,0.026782093377575488,0.0330779387510161,0.024447946425454982,0.021859341564308143,0.009513071255555595,0.021919322791106418
0.024986451301260103,0.034226352021697895,0.0023655042147461094,0.024429884554063423,0.023068249749048027,0.020373506370821522,0.03240083268851549,0.02058519697923727,0.02252657771089512,0.0247521800313821,0.034661159066975936,0.023800875272054937,0.019998083514199662,0.009421538506911095,0.020162850627726027
0.028631523976290554,0.036890717249066826,0.0023796527303407964,0.029547878954333036,0.023484116761426272,0.021337596240686398,0.027338149911054103,0.020918116714854645,0.022262784762241413,0.027519463872035153,0.0315845052626597,0.024175534319393857,0.022529953437265725,0.009273003839386836,0.022907297178899274
0.029355858831208236,0.03562951619501337,0.0022617617831288627,0.024681837180754694,0.024901703321122924,0.020979501486363406,0.03010453288468264,0.020199401530951976,0.023238571350376477,0.02757358592455117,0.036080111149612605,0.025274221833269928,0.021260007527025834,0.009256043270039602,0.021648106203675067
0.027743403013713128,0.033854270544888626,0.002164802654440499,0.027045136769752048,0.022023866421725755,0.020582680963678518,0.029817738521344325,0.0176038964088701,0.02023693912952169,0.025268516301823522,0.029559216814101386,0.022725637256465907,0.01901329399428588,0.008977815356892271,0.019360030870709925
0.02614643885036056,0.03328632960853703,0.002212880220497389,0.023632856502503987,0.02193450090332083,0.020608906356007744,0.02596516333608223,0.017891196671913558,0.020247707154717194,0.024529985447377008,0.031234060512529128,0.02187354444127541,0.01848276099061221,0.00905588252058586,0.018890258138698907
0.02600806109564148,0.03763026655180464,0.002282287097782464,0.025809733588421296,0.021762946763261976,0.02126057947651381,0.021751248478970378,0.018014331264751472,0.019759597471049214,0.02471510159437496,0.030415368419377208,0.021928889838753563,0.019520095003642043,0.009661348684408672,0.019949930050108197
0.025072255627065117,0.03399371404121863,0.0021528288651107316,0.02217663563794678,0.021928867438790172,0.021027238912596006,0.021697260703623066,0.01788070583458839,0.019948420676354762,0.023606649490272975,0.032458059661797545,0.02139176689422541,0.018360869369532934,0.009209496453981458,0.018679590375663566
0.024369804785695406,0.03348580897436178,0.0022088829142141732,0.023739077167215662,0.019837876422926056,0.020567082905861674,0.019040657047221576,0.015957980576137735,0.017674824160143498,0.021719247677084268,0.02857130162161264,0.019378357775155643,0.016559802175343773,0.009138052852168215,0.016866743498433142
0.02307506160923832,0.03204562376072087,0.002181492248790896,0.02088182954442187,0.01929077100743148,0.020380805566349608,0.02054143035341092,0.014769295150395378,0.017142871309791967,0.020041464905673892,0.028339083429375668,0.018496808849011913,0.014972732072699191,0.008954889693363704,0.015252758308408776
0.02176831603182501,0.030617557896887894,0.002083957098232392,0.021737639733819054,0.0171818299078409,0.01989716568981606,0.01585585008219978,0.013312407558401372,0.01527216329805664,0.019034164579651777,0.025252744410026867,0.016568342908692045,0.013627289101159689,0.008637431434480375,0.013901463032762715
0.020550904422393868,0.030241094573806145,0.0025119675075338634,0.020579151842306978,0.017176013832185102,0.0197951481241176,0.016355419181125902,0.013401507191005649,0.015248048445652505,0.019188758632912445,0.025195488504008802,0.016223152372151273,0.013291474628581134,0.010050760317045737,0.01363148037077336
0.01931218502662921,0.029308895314056227,0.0023223671355527315,0.020066265652995664,0.015584086117285073,0.01969445422887693,0.014872720751589505,0.01245504940614802,0.013941317151983214,0.017685709023633877,0.02336632456537016,0.014757343633213738,0.012383716537130374,0.009361272745178695,0.012660733779462889
0.019946361233622964,0.028041019662047813,0.0030166056042569608,0.019334440774963445,0.015155227861377225,0.02427745983120232,0.015017573381029613,0.011435065880686442,0.013244910966115886,0.016695371278002236,0.023181215672770497,0.013954001508678848,0.011268160482443912,0.009771633295830546,0.011544803962030226
0.01855220118286258,0.028121717625638573,0.00286200328970388,0.019583408187289666,0.014581855736860128,0.0216194257195066,0.01511826103828298,0.012195732033171069,0.0130490898713406,0.017019901314269666,0.022103347186224108,0.013791881941018744,0.012756200970411882,0.010243972893372472,0.01294898688819829
0.018279871683746392,0.026459546077346716,0.003117872132907845,0.018331100940712136,0.01429973053350733,0.022608149772449328,0.01413664171741484,0.01149701959238638,0.012772145477149126,0.016495019148025033,0.021981712917031167,0.013303031014630413,0.011450129397954536,0.010776244825502357,0.011555185255379512
0.01817469791568635,0.02660167705980555,0.002866002406738005,0.01971289680062107,0.014341949373740328,0.021408961705436127,0.01781497358123407,0.011296993961676976,0.012092599081745599,0.01560867865095939,0.023061291309284245,0.013212559486582471,0.01210355332821922,0.010914291774418793,0.012252247569007824
0.017187607407153704,0.02507430888004526,0.002810721659846524,0.017357874879739405,0.014169084335489426,0.02168832269727583,0.0240572077481021,0.010769982262365163,0.012091580277129659,0.014672466722952228,0.025037915079527514,0.01293394491178434,0.010840553365602775,0.010382360210167425,0.010929830706846834
0.016396546247177166,0.024665072930749207,0.0025488278532645146,0.01814399473002569,0.012573079419748232,0.02128192202817207,0.01731941002633794,0.009572368355493834,0.010617127299391188,0.013901614667625484,0.022185279581832838,0.011539561213022574,0.010092525273619469,0.01023041175930133,0.01016040208848888
0.015638715991075927,0.02434617806264155,0.002600042561080927,0.01843966753216672,0.01253106824193314,0.021244818042486714,0.018861737782740508,0.009192401862407924,0.0107650576073241,0.013204486592732647,0.02397825804531045,0.011825694303372936,0.009181582988532363,0.010124027943653347,0.009259763346371715
0.016711471455694134,0.02828929908239541,0.0025179719472175127,0.019386521347007784,0.01386306068888202,0.024340534797355283,0.022463194945994313,0.013102001609440186,0.014475419247355506,0.014049051302867781,0.02177892242824018,0.015072443044382116,0.01429513082537173,0.010861364294797376,0.014441501911840227
0.019174490499088693,0.025413632603282714,0.0024506908545817315,0.01744165450207434,0.014428150660575291,0.022024246942018787,0.033088069259612024,0.012906687480096452,0.015224163861003982,0.013078598314420976,0.023783072571815368,0.01526149646689871,0.012393180487457599,0.010230650157529397,0.012346302077540268
0.0178390935761271,0.028766614031112418,0.0023555370956067447,0.019811292194381488,0.01439658793310073,0.02460958876120386,0.029527045479832127,0.012700652451131427,0.014332665698269907,0.014394423878035025,0.02399204595860746,0.015223457358912385,0.013740366982179168,0.009974205918687558,0.01393609989500081
0.017237668885757645,0.027052887066415822,0.002272203427627569,0.016785084965125117,0.01482257152782652,0.022839900143966453,0.03473132640907533,0.012587101749676031,0.015219626553835701,0.013366118937197524,0.027803246738008654,0.015376687449297712,0.01216088825885222,0.00967243265143751,0.012239590253285021
0.01639251231514425,0.026302657628829662,0.0024985463386374665,0.019767940822271197,0.013611156004547244,0.023929969242613466,0.023635572816627398,0.01172554621009252,0.013410373420384543,0.015204849174053266,0.025261706474604385,0.014327802141393033,0.012663329078935975,0.009483953521103093,0.012693378858830871
0.0156104492047034,0.025850618509089963,0.002751412129976441,0.01785348907367753,0.015244347862853351,0.022805474618050096,0.02584856929965686,0.013589962383353589,0.015126454309948942,0.01594896102595555,0.02725111118052797,0.015211811291965596,0.013469343148896955,0.009934336622996724,0.013529454228730826
0.014934881821465544,0.027306553946669716,0.002593694505310807,0.018235967092323092,0.01353833949347811,0.02378416796290739,0.023659305110602564,0.012112135856087365,0.012995608924673947,0.015061584153431127,0.02505103492504202,0.013398215047952855,0.012140889977891445,0.0094763890638856,0.012136792035413364
0.014453291594167583,0.025440125534057244,0.002478887642584568,0.016851353173573277,0.013341455823336708,0.022553658878106217,0.021448998835145505,0.011653634324790657,0.013299863580926628,0.014147216714509398,0.024816557778032104,0.013319537181716946,0.0114786335452384,0.009227457682182291,0.01153751286887005
0.014580418284413189,0.02546801455768394,0.0023986839125770955,0.017046548149498127,0.011984401331332635,0.022564043168969285,0.01832036750437364,0.010799236132341612,0.011641243906629524,0.01431046039928025,0.023196931613285288,0.011755380456065827,0.010951832593316722,0.009219988925874913,0.010968633063556943
0.01587907593204614,0.024026931214976618,0.002283683267689953,0.01601935431558454,0.011934231730722196,0.022793390332665718,0.01690479231759755,0.010066524562256199,0.011728651582703227,0.013730389947458193,0.02294846694885715,0.011619894319980872,0.009906106985854528,0.00886420171500232,0.009924071120668117
0.014941248506012689,0.023357427884581675,0.0022292834144581075,0.01611171612328769,0.010863216521327561,0.029477381796970015,0.01650522695102772,0.008992765029688992,0.010091189583306528,0.013246055938116487,0.022148633183491678,0.010345298326540847,0.009050010190082041,0.008854827584770304,0.009082604372317721
0.014375923056378841,0.02574298134014598,0.002120855164275905,0.015492556314957313,0.010747493241199552,0.025145489872173365,0.016396482551519324,0.008846260841204491,0.010553094616001126,0.012636141156694015,0.02191196822152719,0.010505190648197904,0.008873412111956473,0.008506177036638165,0.008975301327253387
0.014838438847023318,0.025889011984903374,0.0023859588293406366,0.015262349897269243,0.009917176831691504,0.02680482238511287,0.014502480934934288,0.008439773253416936,0.009547351869449444,0.012408189948256541,0.023047690521516215,0.009597278135481144,0.008460762157103318,0.008619883465911622,0.008517980381230625
0.01477411992086266,0.02703763816756268,0.002328960814619212,0.015907150323008594,0.01036311414433129,0.025128026405373028,0.015289371217975906,0.009881905669980958,0.010920428758094524,0.01206548796856626,0.025324177148941446,0.010778420813905074,0.010001074303844502,0.00836592493876527,0.009974537385899578
0.014399193406392204,0.02516784645463405,0.0022419435233057426,0.014594212531091446,0.009877316970319261,0.025674658689241,0.019829027724098756,0.009517209693242016,0.010431369696438084,0.012236592319727901,0.02200504414920064,0.010297073522392031,0.00906219298121659,0.008094360202654917,0.008949309168628813
0.013876868465601044,0.025309963377502603,0.0021006860515367953,0.015039378513480368,0.009393938345214086,0.02490621978490083,0.018317219818915265,0.008502445000693087,0.009566228294382964,0.011681377838256759,0.023799195420865584,0.009693637381595647,0.0083469814662146,0.007885449646445162,0.0082776231141908
0.014566102047030493,0.023929552332404635,0.0021147737048963517,0.017500920293914157,0.009170736136720464,0.02573733868857221,0.017788520399398565,0.00806444270422662,0.0092205967016355,0.011485580412457947,0.021266715400536942,0.009522324634928867,0.00773161129952513,0.007841114853198604,0.007677110502720478
0.013744389580378652,0.023214407752686402,0.00206919526923031,0.015322581535180933,0.00930208364282507,0.024638663066560092,0.01876901848044884,0.007685669020210494,0.00883344974778795,0.012169713830555378,0.022769843007626384,0.009283721360757812,0.00780386515383104,0.008075394869934065,0.007830771782720111
0.014150108102640519,0.025567683265912956,0.0020664954890366543,0.016832097444342328,0.011464615674827152,0.02447597157461472,0.016776595344787492,0.009559371432125487,0.010195837129255963,0.013152177035597443,0.023637244491672968,0.011196279192802281,0.00999076419266557,0.007726660355110453,0.010150170470119249
0.016849225808143773,0.025513713044089635,0.0021685320372877557,0.02400477235280608,0.015246200850940058,0.024111614213452114,0.024749371669900874,0.010260614058327434,0.011005005968567263,0.038101867310429666,0.02571729933539887,0.014417536953164533,0.009903622849244242,0.007917377145542392,0.009944018836116378
0.019482107617540913,0.029000575303652142,0.002078705353305942,0.017723079803330755,0.015158843417799925,0.023665621451518605,0.023487656507058228,0.0094950371050554,0.010271885302415563,0.032026940680678115,0.022258009575735968,0.01386006959440259,0.00911520195193253,0.007811468169241397,0.009149066586529133
0.017981265084227097,0.026683991499350555,0.001983879769066315,0.02155469100951194,0.013723110859522929,0.023736315654593446,0.021475100416679115,0.008776719257799328,0.009536627489028475,0.03253876402405193,0.02368839588468549,0.012393512571458945,0.008439677498795083,0.007578010953355404,0.008480785889422417
0.02193323125676128,0.02980413008405587,0.002163194819261291,0.017229162482463728,0.014515873027476195,0.02374696752954783,0.01799887816137121,0.009142141588600062,0.00941577034239395,0.026848313484076652,0.021370503028991687,0.012217575273317367,0.009008543387193967,0.0074484358957145926,0.009115191004278284
0.019915680276250968,0.03302233173813592,0.0024159823278278258,0.01986509627354382,0.013602182589799516,0.023265170367579607,0.017123999455257038,0.008582791601491467,0.008999123593333989,0.027445301914120996,0.024701356462764133,0.011126881060005455,0.008164721365853316,0.008566855263086474,0.008208484829758795
0.01932640542310812,0.030720270968573965,0.0023794189575072357,0.017000426181985568,0.013129726161066948,0.022872496804202145,0.017633130628544155,0.008150039842227988,0.008470878344874706,0.02349994641248617,0.027321342750320655,0.010845319369673206,0.007895858481091889,0.008266085652324479,0.00806334762127154
0.018609373714900165,0.029780503556225624,0.0023834418591646513,0.018787287437460443,0.012740923612929595,0.022421789510186096,0.025192517286613918,0.00885313828093786,0.008936005918020837,0.02369933245569854,0.024676873771579212,0.010603800740678413,0.008688059174504324,0.008121479338878636,0.008815490727401771
0.017862780584331005,0.02877545128056095,0.0023295051544004975,0.016237227856479467,0.012304216780337014,0.022037386695412865,0.018162274427769524,0.00824303345150075,0.008595181808238327,0.020985665389911538,0.024863008536794837,0.01028295494145164,0.007904118848692058,0.008192469978439237,0.007993404852409878
0.01699780955430523,0.027868214678958413,0.002221055781529241,0.01751025611891569,0.011452599065583668,0.021693425499740696,0.01959859828081653,0.007739542447144413,0.008022928172748123,0.020621722167389906,0.023860760586012254,0.009392086138849148,0.007532477220148916,0.00786417182308178,0.007608118966329701
0.016263749217569047,0.02798357480783574,0.0022179709438606855,0.015651690854437673,0.011053603889145216,0.021298580861440087,0.0218169106834993,0.0072650958151974756,0.007761789536982972,0.01798632889110212,0.024823723125381406,0.009194041589930747,0.007005052615485056,0.007683116502687882,0.007083403870030718
0.015452800663399761,0.03445845699850634,0.0025589760041697007,0.01624802151098241,0.010511911112186453,0.020901207817598744,0.03585541675924244,0.006762160055622559,0.007269614803573324,0.017979770722657214,0.04226744702497116,0.008508930534707198,0.006565099626111198,0.008573251230956586,0.006631613655166677
0.014888957787781319,0.031107593885816808,0.0023870490467781218,0.015311896090446806,0.010689435663496356,0.020818796973567377,0.02172967241958906,0.007215256859029581,0.007939677086337948,0.016885995766057364,0.059646866601132116,0.009236962288425772,0.007629280266359766,0.008194444086947847,0.007703185457910896
0.01846185627829661,0.03563679960105716,0.002335339135648723,0.015299056943842005,0.010806064029257134,0.02053091857010389,0.02489806436061884,0.006851421417199558,0.00774279358439685,0.01705652430619824,0.035365633990016965,0.008935729300353839,0.006960340203230913,0.008009029405651166,0.006963254881556343
0.016868873516841208,0.03163016874545357,0.0021647091293558007,0.014822820403269408,0.010299201997920346,0.020160125344327498,0.019823176626448256,0.006469024709968244,0.007179527778314824,0.01536282162692016,0.048319532139222146,0.008420074207831408,0.0068645845004530835,0.007769857647772673,0.006877221636133943
0.016311930900481428,0.03129867680359906,0.0021001083436515506,0.015116129368104832,0.010305756427593746,0.01998075270014419,0.01992143981479432,0.008318985161564527,0.008407177129698488,0.015232242913239033,0.03042370202366483,0.008953171141883837,0.009148571648038801,0.0076620522097271835,0.00900400517386278
0.01891786636381296,0.030298528367100536,0.0020545473951702046,0.01630132758069855,0.012447666955223546,0.01954849710323278,0.02054984234029633,0.009475661578929652,0.009913514974949826,0.01441907423525503,0.039596704299620186,0.011375660103184108,0.009742882277381053,0.007585220257134889,0.009690634951775755
0.01799263700228249,0.030661356583898066,0.0019768011360855944,0.015215783645611207,0.013063786948018003,0.019799874804878777,0.031775194774132,0.010349299469679442,0.010609850657311164,0.015253193226688389,0.028729321678916193,0.012093551843484436,0.010790753289162519,0.007332185971977795,0.010781027221053214
0.017189187146254465,0.02865778761138119,0.0019001423932293712,0.01546478212375537,0.012005740154566857,0.019107573467085883,0.017817749189198855,0.009726602393253675,0.009919592911392425,0.014342089653017498,0.03354309923492931,0.0110856786389998,0.00967013486057115,0.007150035236272441,0.009627884436389365
0.019321786038933465,0.029432990742601556,0.0018406109903532156,0.01577505417612328,0.012619045474155564,0.02004169428220318,0.023995473048600616,0.010635792465224232,0.010897483932768112,0.015077131347198836,0.026059752521219073,0.012310668355530767,0.011018769759442033,0.006974495865155388,0.011098933595085882
0.01808269716833684,0.027455963225045572,0.0018045491502777266,0.014709918216874632,0.01211699123093274,0.018979041000176788,0.023604357778336308,0.01027101776509053,0.010767979045317799,0.013732829515039296,0.029985534422042832,0.011765805727661014,0.009827492080970612,0.007049260333393539,0.009811618434793666
0.017228699121176562,0.026766692863573867,0.0017366980834745,0.016614210384423966,0.011512014826558123,0.01911954140778264,0.021161112474076323,0.008940631719507434,0.009687621084968649,0.01356168391808552,0.0236704895493685,0.010887351995333059,0.009106410911000434,0.006853891732882954,0.009136429265794081
0.017089567792070187,0.026132772147370083,0.0016666546248918692,0.014257215782654441,0.011314088527312558,0.01852165360461734,0.019225033149207416,0.008663801233374995,0.009671534583513264,0.012570739448378675,0.026783034052649715,0.010568074946996743,0.008365805759306212,0.006736097432377615,0.008392098545347372
0.016319266640268826,0.026756599016877453,0.0016091791071259952,0.015815094743143954,0.010594586556879372,0.018541821771044898,0.017217849490330766,0.007613605756148555,0.008515048936225067,0.012403526242845776,0.02357635010350137,0.00969911576260286,0.007705484097182145,0.006551388755463075,0.007742493652978014
0.015817351815517033,0.024972169332612898,0.00154994734564778,0.0138205760211413,0.010232239658273919,0.018040525819454537,0.01774575138000967,0.007370328170757339,0.008444891634446547,0.012494148864960593,0.024208218279265732,0.00934154268050357,0.007145911474952701,0.006431069057000512,0.0071893039502097834
0.015067296596137066,0.024580566270099632,0.00150750173486189,0.014777757023673588,0.009675626395688579,0.01783659673390667,0.0150402479498139,0.00659398821563102,0.007513310456696302,0.012137809894489933,0.022199612061580307,0.008635377682696774,0.006653169384675484,0.006277398346646804,0.0066941694270207415
0.014449383742941494,0.023389763883076703,0.0014753355992313596,0.014104332979816312,0.009267821586103802,0.01815616301820146,0.015242948821576934,0.006660928345637323,0.007960922142468237,0.011940666223377212,0.02264401467565459,0.008453859345369722,0.006616281541869187,0.00624202034688371,0.006645905842000957
0.014260604892122046,0.02331267578773523,0.001947320206212072,0.01676904705634344,0.0093928305014808,0.021423855010883747,0.017785397219477087,0.0070351698541540305,0.007903971573043454,0.012828327887188167,0.022882862367108986,0.008531877088087616,0.0072335084940128224,0.007201905946769829,0.00729231196638996
0.014113485226354814,0.02221803691360239,0.0018545115883230778,0.014151935632895393,0.009529728299114274,0.019947438395938034,0.02375506630089887,0.008293969286371822,0.008490086994513188,0.012075674962221066,0.02502442370361436,0.008732345040895331,0.008246557950270662,0.00674713021099215,0.008377172953972539
0.014015548988579452,0.03660565450016341,0.0033881847323624027,0.01622559593964453,0.010195494021971967,0.020694155239184133,0.017772916218036047,0.009712754820857957,0.009998941535342006,0.014038892800744569,0.022220190919024604,0.010413984089014389,0.009957521864461596,0.010353045152444389,0.010103406987777064
0.01731132946062502,0.029906530497799334,0.0032694633107000436,0.014567418829941479,0.012399328175462148,0.021976618374182796,0.02175140753759609,0.01191287648832524,0.012195259023388406,0.017075276034236846,0.025250893977663287,0.012977079928609993,0.012022232572640299,0.00951347368633521,0.012142980047031005
0.015958395508418276,0.030953202586313077,0.003265218719488549,0.015470209199980343,0.012348122391258884,0.02067067284147263,0.019463594246840254,0.01149211469394229,0.011972543067626278,0.015563190726247612,0.02726631912416785,0.012433673577405302,0.011076175333903903,0.009711150355855777,0.011137199905977765
0.015388919126561628,0.028779835511937194,0.002931393588203248,0.014012642084931049,0.011376841224134373,0.020783830491701422,0.01759357477597638,0.010636243377749906,0.010975708828624076,0.015018307003630027,0.025267835120201493,0.01142005824251003,0.010624171881297564,0.009244640873096009,0.010658105950106475
0.01686067849912565,0.028424919326651726,0.0028918258239174544,0.015743416637859994,0.012382694508033977,0.021456172060252524,0.01752236807246131,0.010535922835706913,0.01134190144302037,0.015114017374286108,0.0260907403164229,0.01226206372703735,0.010334864199099302,0.008968425749792385,0.010322993484188556
0.015646098000651712,0.027075089241556563,0.0026084287802788826,0.013703935136857082,0.011947466728799714,0.02064522821728324,0.01986156071010163,0.009570474012041563,0.01076885531525619,0.01433604398353927,0.026391477156365816,0.011727737059580263,0.009384166277740481,0.008668448305819563,0.009360405073637295
0.01788999915496987,0.026988447095370013,0.002734027875620616,0.015456549074986482,0.013198385787795726,0.0210637089379303,0.01836609281121302,0.012184290370078872,0.012682009820813935,0.016221051262624873,0.02428648195351701,0.0137828986596023,0.012436282328294652,0.009518999269389695,0.012661678041905232
0.016586667040540876,0.02592521291017253,0.003011364823605393,0.014383992037737426,0.013331708183133948,0.020557800307941056,0.028576452159324046,0.011826434114515031,0.012938139263658641,0.016302060474816294,0.025143729141794174,0.013800892949361796,0.011060312710510946,0.009676488522761898,0.011197845625519405
0.017289443640785208,0.024904966492543493,0.002882054875637778,0.014611001792563593,0.011739563902114593,0.02034429729519852,0.023614808873546594,0.011036579903922561,0.011204439839322582,0.01536632455111947,0.02264251831200008,0.012247448950702615,0.010963456434435186,0.009376660664879915,0.01111438465849143
0.016230819290930714,0.024004756587146195,0.002733976742408728,0.015554836493673981,0.012427682141253216,0.019962972675131026,0.021421424404730355,0.011855795437042752,0.012241104407431633,0.015561403521810934,0.02337196261450628,0.012984561713402067,0.01153619307686542,0.009067795620928461,0.011521239626101026
0.017477618139306025,0.024550886058958124,0.002685234259175811,0.014450613011749453,0.012509350245827819,0.01960804916917521,0.02328268579922865,0.012324354321012348,0.01240023711517807,0.014852828187421554,0.022139507420921634,0.013041972687392593,0.012550974292445425,0.009339712308913435,0.012388315145528087
0.01909472760907392,0.023021581088837246,0.002621260390285092,0.015934465113322263,0.01421736677331681,0.019731686438504287,0.018554830398859534,0.013839377634949945,0.014117332462090813,0.018089679969749153,0.024026228376927933,0.014574100127996118,0.013910631302435006,0.00902175053813704,0.014014884529563832
0.017970254585642484,0.025663404172641437,0.002518848088391829,0.01405123682989029,0.013671669658449395,0.019386822482970953,0.02314173053137219,0.012911781932069022,0.01336378374591612,0.016602673368259643,0.02353746145881148,0.014018530056918022,0.01274649696745197,0.008720121478417511,0.012815743603109594
0.017086665072107703,0.023312989880285188,0.0024306294136174243,0.01509100732125441,0.012942938329513614,0.019042240610248107,0.016633943080693166,0.01198799567800466,0.012536301112374726,0.016418005985488978,0.0239872892506523,0.013192300716758176,0.012085147614116437,0.008690096013571132,0.012170111510484874
0.01666979557473279,0.02317652654742943,0.0022995873142441815,0.013570639540447566,0.012382390400342199,0.01870849494625532,0.018235725116871947,0.012001991759140811,0.012100480552759158,0.015083333957055604,0.022065957429650847,0.012442361295123964,0.011985741549787637,0.00862279072405073,0.011995927743886171
0.015934155985671713,0.022028342431726213,0.002191335979963973,0.014255491832022692,0.011717781732836602,0.018419610235575545,0.015902751307267256,0.011081004136558641,0.011338683979380381,0.01472318239736231,0.022319051351832965,0.011647815203843498,0.010820108922407598,0.008450890683101741,0.010824399946211054
0.015820723870936255,0.021371329621364992,0.0020793582036331224,0.014936196853661663,0.010998595484588057,0.018122275789935485,0.015501505189142973,0.01004930187780086,0.010450500236760606,0.013629895427768168,0.021173927943631387,0.010824977805450005,0.009953476194198738,0.008197678498827615,0.009971386726651132
0.01601810734420363,0.020808610510636195,0.002297429881558418,0.01455870191403416,0.011214797347975276,0.017889841146296773,0.015655323305891394,0.01010192738465328,0.010605311589462046,0.013765523452492674,0.021671514343629336,0.011424930760947288,0.010021401830859908,0.009290609492464567,0.010150554142347865
0.015938739974792667,0.0201116039181401,0.0021380081909568487,0.014298816217546282,0.01120656279339377,0.017544727513839502,0.016622216512823106,0.009805879157778417,0.010495204721285718,0.012927808227372417,0.021607051490259592,0.011500923908294776,0.009705872753569105,0.008660498321088735,0.009832778315140761
0.016758523449826594,0.02022710260651198,0.002179691078625725,0.0150414830774737,0.011691148163633636,0.01819537472445313,0.016363336623266094,0.010053040830976032,0.010568746744599754,0.014044852875313369,0.022030631162173152,0.011701712464514574,0.010045275809782152,0.008556038608013931,0.010134001511123663
0.015629174924415904,0.02051906314309234,0.0020300076505820187,0.016356655943704303,0.012702119157386525,0.01787843613878124,0.019203036810711605,0.011252334840265195,0.012089615437930728,0.013853145273958882,0.02284888821567258,0.01375656361692827,0.01118574188572296,0.008491945866027206,0.011267321415497395
0.017722369529354368,0.0227292887546871,0.0020197012562260938,0.014475902227198221,0.0121704594921749,0.017873732605832384,0.02235339124175319,0.01046903590468072,0.011665100277130915,0.013425766688048119,0.02335926424844483,0.013161147812863488,0.009985788557467984,0.00824970133658036,0.010003508970304505
0.017877037527044733,0.023389644305824128,0.002441041469512274,0.015294095361471806,0.012347775741637281,0.01749504469017891,0.016397410925663363,0.010461942667020097,0.011032493844771847,0.014666833763665732,0.025689749531371646,0.012491371007771795,0.0109278147273677,0.008865164853150252,0.011007909352749347
0.022944702530945917,0.02459877785626772,0.002265607433460395,0.016546791912964147,0.01652792372326647,0.018451854069954754,0.022206536501219298,0.014265392968770075,0.014431410687440176,0.019457634463855723,0.032035575891605474,0.0167732348737732,0.014741518449550968,0.008377366446312026,0.014937575734470456
0.020464485223644736,0.022941576131587288,0.0022248022851530463,0.015559346546403216,0.01688075961364076,0.017464081563540127,0.03870954784664348,0.014241340226380652,0.014614631206568312,0.017112159907680228,0.03100137041862508,0.01658562399621288,0.013903320461782769,0.008260760909254556,0.01388129617136108
0.02024969565331406,0.022417099885915642,0.0025916607694764816,0.015515695565811304,0.014780641721574051,0.01782919457030008,0.019656379841439506,0.012582308226777377,0.012936834607252819,0.01680220074235714,0.029642220068472103,0.014717704626891448,0.012547881608530815,0.008572453357177028,0.012570020672407653
0.019364393186116397,0.02190597357096721,0.002565109953512085,0.015751348407429186,0.015188869185134995,0.01716363790788817,0.026235684153080224,0.012033909963347869,0.012920717457616648,0.015316240664347476,0.02712297105272275,0.014646333739815554,0.011775603481544378,0.009139878814571756,0.011840389640324292
0.020632386102032937,0.02753579152005362,0.002577771347840376,0.019499950636352615,0.016957500950713328,0.01745079324531504,0.02400444410619468,0.015294310466991335,0.016254860325928325,0.01733744632814714,0.02827569749635116,0.018424480662812704,0.01564880625369989,0.009078534566913429,0.015590065907410406
0.020228554186449463,0.024292092282355494,0.0024517731538022604,0.01633903626199763,0.018424843503634485,0.019229860811963265,0.03565759564489129,0.01605137932392587,0.0175430325355512,0.018385274055242557,0.029307206888393875,0.019652803541707148,0.01523183924810918,0.009124856313468264,0.015055279474081562
0.020982834001036642,0.028335304154290676,0.002410893380253974,0.02075841306227285,0.019678756477892446,0.01822945528462976,0.030389834039317398,0.016779698350722398,0.017099604634528028,0.023411020395831438,0.031787856063984626,0.02081414799540774,0.016892393700161143,0.009801861386771353,0.01680636819858843
0.019482997387430825,0.025142953987199533,0.002304241954927069,0.01649323540089952,0.020040597433005427,0.01908737281097284,0.03520690449394261,0.01601524996628135,0.017256002297747385,0.020578869044367912,0.036497729173026565,0.02052919213014008,0.01488640523039666,0.009264838783649759,0.014716680427275702
0.018458631716078276,0.0268515367968825,0.0022312911525595685,0.018872287854129713,0.017104576167272015,0.018221584124380873,0.02273604864617957,0.014678368058860912,0.014817870232312074,0.020067227347825668,0.02746483904392173,0.017664208972983854,0.014790140252985376,0.009490900903836703,0.01452947935413991
0.017568852678588518,0.024682310943668986,0.0021128069448329515,0.016281281236532007,0.017384525805807762,0.018600387007410357,0.02498889472013709,0.01421297882971905,0.015062976439105182,0.017882156861557533,0.030691124290501904,0.01743106723761453,0.013333975869943136,0.009242660527026419,0.013048757015997604
0.024260536998409098,0.024193544393896114,0.0020338144071154834,0.0194228450562432,0.017447939402396848,0.01811999228916328,0.02100181072439393,0.014366271644528979,0.015071449228744184,0.02166326046556533,0.02539182098443993,0.017922392860139906,0.014781015375955268,0.00897743667295037,0.014636155116936205
0.022609165266505846,0.02307629889466106,0.0019211066918579578,0.016885241191642045,0.018890255259647368,0.018070877386769366,0.033315316898618365,0.015230915327875181,0.016398314329685037,0.01902150723466465,0.02802675384659911,0.018843724782631174,0.014848555434130965,0.008804862438396479,0.01462441116772541
0.021409400093881086,0.02231730805243501,0.001912571091591748,0.017861453743704337,0.016475827101669255,0.01761984444931625,0.019286259853861315,0.014018757503064942,0.014300638375856878,0.018889075438337226,0.023349080338578642,0.016574690408226945,0.01438762666665608,0.00848453417268165,0.014191306587801844
0.0315720453346414,0.02229058079516989,0.0018047193249599977,0.018017524809682967,0.01892053102630126,0.017421083497578232,0.024409884965552697,0.014102045635541493,0.015906280277271104,0.018144862502211704,0.02541234083002554,0.018741510824140117,0.013894025156519562,0.00822018820065678,0.013818966987457111
0.027447512179136598,0.023503025923614872,0.0017633155635161674,0.022175459954863568,0.018096485473862164,0.022866379765331565,0.04841687783685671,0.012589084506930404,0.01461327922321043,0.018270265788094105,0.02326532267757415,0.017744850128333493,0.012598722325541354,0.007971252910691116,0.012529679550658961
0.028601609574535912,0.02840382232890314,0.0019562901742749736,0.01838910028606538,0.020313902654989942,0.020573202404150264,0.10393478146350368,0.01466274163846599,0.01537144554469499,0.026681652156520144,0.026503449858861123,0.01801129006910193,0.015295573872807989,0.008099003477110093,0.015594606430963337
0.02627267419000202,0.026549894469470533,0.0020008635879582948,0.02056415628721756,0.019609282422352034,0.021373303966644414,0.04527642302511861,0.01362561806732334,0.014492891715170118,0.023061010081708834,0.027940067525010694,0.016743118120357135,0.013422214100038264,0.007807714634816333,0.013546716871962244
0.025851428476849122,0.028154222437213307,0.0022485417381234466,0.01802837330163123,0.018990861471639323,0.021423194276760992,0.06670303172782645,0.014043433732415019,0.014581712351406605,0.025753173357566207,0.027267875045179368,0.01734985852354285,0.014817006787022554,0.009249375245776587,0.01502937840019337
0.024694188905052275,0.026388798180771264,0.002097246776850024,0.02404060163000109,0.018790863899873854,0.020790509012626912,0.03389830421045147,0.013425440700551511,0.01420896236047629,0.02281640492381014,0.03208954858007749,0.016716466833440833,0.013265744877283277,0.008876527206481017,0.013356187792099166
0.023123328832185687,0.027964081442339105,0.002047966815747658,0.0201598084811941,0.016473107016274236,0.021400583847069866,0.044242311355769275,0.011577489421035593,0.012453803584732828,0.02229630247991438,0.02442469789635547,0.014928293929790101,0.012042201290773576,0.00870927080649223,0.012165284543432096
0.023874005089157935,0.03254302134487311,0.0019519625211942761,0.02554255418627585,0.020691255914672427,0.020450278986930404,0.033402714193099675,0.01366894583751883,0.016369656284609176,0.02401454902195732,0.03362483945374308,0.019248600194907716,0.014024980127489624,0.008399807610834786,0.014086636175441298
0.022136110726159678,0.03380231561222948,0.0024130238586607534,0.019526831202638328,0.02072760596582167,0.020389409819288003,0.05306894232759226,0.013612392440636284,0.017320530579794578,0.022799832853994503,0.04000244409142737,0.019440495037909396,0.013893418208645343,0.010190643515473864,0.013952382734397946
0.020867631818810826,0.03181634961303374,0.0021912926594465456,0.023021932290847622,0.018821151250254447,0.019914541216877392,0.039783055302348685,0.012403414460373423,0.015560620987522644,0.020907125131648215,0.03609306539906777,0.017468842520142417,0.012462543612156509,0.00935657424408752,0.012492035258756291
0.01984689796680816,0.03068656936422114,0.0022774038227392312,0.018875108650383055,0.017934173131353055,0.019623011774378134,0.03510107462095318,0.01118868272246734,0.014695227739277622,0.01958760457466472,0.033220170578099985,0.01657397764024213,0.011321987657531696,0.009498846032486082,0.011372424906287329
0.018841637455806144,0.03049485782752662,0.0020750427878915238,0.020891172987105234,0.01626693451769435,0.020068542171355293,0.029154702274930715,0.011520149517247334,0.013653314402626298,0.01803540956614009,0.030509620603576017,0.014924970272844895,0.011962168620598766,0.009278146597166321,0.011994713493533924
0.017774593156501883,0.03211643709701624,0.0023983061237340376,0.01791870592347629,0.01604103888401526,0.019277764502367317,0.025095918689482355,0.012821730935797426,0.014197809635048615,0.01781705506354847,0.02883790378625194,0.015021207434609544,0.013694465134791547,0.010155616960962606,0.01369597299352631
0.01920615675512421,0.03174131620107421,0.0022301552188396896,0.019757784159914596,0.016166278159287385,0.020246280350497265,0.021029800684969596,0.013472661501690065,0.01459252975407892,0.017629907329960427,0.029874554889659368,0.015739724885094505,0.013974252217376122,0.009989543317567096,0.013913055854741159
0.018305907163758187,0.031859926640427555,0.0022114678959749817,0.018305489097798586,0.01743294736991991,0.01958400480480327,0.021220764061718272,0.013740869732257353,0.015345377705726646,0.01884736372096376,0.03249036570503065,0.016874881122876096,0.014184639498439733,0.00975123129310344,0.014148690374763611
0.018774436076589244,0.03139164582849202,0.00233962369316108,0.019709480602878204,0.0165288925697676,0.019839231687273154,0.029836721440031265,0.012829142528881472,0.014648158089561755,0.017159286732414503,0.03544681275897037,0.016213233694745338,0.012842307185704203,0.010020422768533708,0.01279088719090202
0.01749152722798266,0.029854773929856047,0.002299056622118758,0.017442981201607536,0.015337413276347587,0.019392721462985776,0.021512566494661604,0.011493971482542838,0.013512260037571904,0.016702735878783678,0.044410619917308145,0.015117529684521321,0.0116426757447554,0.009519308083576589,0.011618414331349882
0.01684904478185947,0.02900776584759635,0.002151648860580755,0.01839726132775312,0.014960311001005413,0.019118987674827427,0.023278426127392046,0.011774479474204718,0.013399918260836328,0.016233703973768342,0.031432468795076794,0.014857670611718811,0.012100512071574176,0.009229048880411027,0.012080335840807026
0.018086823444873175,0.028436601465848633,0.002077418447906648,0.017600749277760418,0.015624756181369907,0.01877579779782163,0.024579637782866356,0.011967282022557556,0.013480346613436134,0.019002120459237142,0.03865629119046561,0.015424820003973187,0.012348020903200758,0.008982138227229979,0.012303101178936834
0.017355787231034637,0.027445654190852514,0.0019646669751445535,0.017208835445038803,0.015233616805569157,0.018528744078636857,0.021756097817167558,0.01102260025806677,0.01259874143646232,0.016840252109298414,0.027164845214361327,0.014618856105271838,0.011179537166411286,0.008684984688282367,0.011124917595312074
0.016556224620810675,0.026679973354299377,0.001954597064046936,0.01689877727559833,0.014455949971760768,0.01827009529181917,0.020850261762016747,0.01082388503086279,0.01228758859680249,0.017184091684790525,0.032128434308530227,0.013918114915492654,0.011289114328567513,0.008463767562420134,0.01126405191816887
0.015718780345458466,0.02546610321384678,0.0018803408799707823,0.016335719189678764,0.013934720111340787,0.01840649752072417,0.01868245745706594,0.010140187112494294,0.011641060402639158,0.016567796990918614,0.02449934590835437,0.012984402868676852,0.010226493890672952,0.008641357573751366,0.010152352307437662
0.015054749320317768,0.024569486808815055,0.0018235002088172589,0.016371480928679318,0.012902375052519233,0.018676760349585445,0.016770949199160987,0.009601383307432727,0.011052847866923041,0.0162550244996832,0.02809014419176314,0.012537002160469051,0.010100510048306574,0.008345417136730968,0.010274113259601274
0.019493571059865045,0.025749251509720614,0.002137902367981099,0.01940215968130431,0.015907382428789255,0.018151581574328515,0.018383866690427984,0.012167220548881787,0.013931015785187885,0.019126078723503373,0.025615125789078954,0.016060039891773622,0.013406949565587798,0.009569874311168765,0.013892962307352971
0.01746111716978792,0.024175170508486415,0.0020051856347687597,0.01593341440185679,0.015679880366105004,0.018361611664437522,0.02371262187481092,0.01151715503307656,0.013801256449170114,0.017310045719900753,0.03042069018265359,0.015658813383297235,0.01184922051102897,0.008966968009182875,0.012107336172981481
0.016970221132503942,0.02348803242329524,0.001952992857057076,0.018216597078807902,0.013859883602832291,0.017971582181917717,0.01588036939219434,0.010163016677831675,0.011919336224787335,0.017293790995912106,0.023613551345660885,0.013758887629458054,0.010909890894514145,0.008799405076133603,0.011189535418296181
0.01665870148479158,0.030066967407820527,0.0018422272437880352,0.01539850353919821,0.013689601585695068,0.017722730328320464,0.01815070957451828,0.009630905686407329,0.011811351697602763,0.01585846725473394,0.027060549884879766,0.013437297241571961,0.009934136862617533,0.008677866289035803,0.010177013914400115
0.01634581464485032,0.026605040300343566,0.0017972639869932123,0.018964981879152652,0.012398712923260531,0.01741403598192898,0.017827729594700904,0.008564637702841802,0.010350924219624549,0.01718961203519917,0.02243491962584969,0.012133130938541892,0.009065835406356311,0.008353736222028755,0.009293606180986009
0.01583472641535085,0.028151978185659926,0.0020460187958181116,0.015076625723525356,0.012572585434163055,0.0172000908747024,0.02341055214830634,0.009355044615845114,0.010888667113514449,0.015893649051660737,0.025387493320034534,0.012355374307942731,0.009805249946764807,0.008694941152284447,0.0100824969376261
0.015048967918932675,0.026366506539638394,0.0020306182958127845,0.01817212133215642,0.011760957611472745,0.016934976636794132,0.01612501042638939,0.008747736368376445,0.00987927276176825,0.017452592689950572,0.02340685925070964,0.011267065316459022,0.008984401583110077,0.00844856806243964,0.009225361836647364
0.01441258753267497,0.026088438120803747,0.001955134109293919,0.015022470347979565,0.011608258386979257,0.016763167461303675,0.02029513204816825,0.007977885544304727,0.009478092374091366,0.01667561682748427,0.023304198494487404,0.01095095962662977,0.008257864526623686,0.008254639923091838,0.008483127194020567
0.014198870545131225,0.02645765209863901,0.0019306047468292762,0.017656019117863228,0.011884125219373797,0.017171075218526066,0.015597121564210756,0.009722467305196684,0.01032285727278437,0.017439441813510544,0.022386039484453262,0.011479265006454529,0.01009799438812756,0.008496600004039807,0.01030889410007894
0.01357298209403824,0.024876882581304584,0.0019869707921839363,0.014785346182680976,0.01199864874698235,0.016726924794766836,0.020896315721882008,0.009320353542340456,0.010381406718853176,0.01564593397786044,0.022673523197996304,0.011340104164758795,0.009028971349444132,0.008151282228426789,0.00914886519743297
0.014615457059958585,0.024126963446190666,0.0019170295275329988,0.016269637021137668,0.010601666597564341,0.018870975212935567,0.014834719928055563,0.008238842355481063,0.008975644127410311,0.015462896270814533,0.021465005743675113,0.010049920915747832,0.008406114470537377,0.007920368355493233,0.008524717892502292
0.0143194037632883,0.023132099044664196,0.0022922328300195526,0.014543361442352649,0.011382112593394793,0.01766030213912383,0.017349115940450344,0.008035038730561786,0.009290983368346968,0.01488419735143303,0.022998495427340518,0.010319981612934147,0.008005974663590655,0.007721524267770393,0.008135101218806522
0.013760271893519667,0.02308732056692585,0.0022295954769469915,0.01517611828018916,0.010512175508683752,0.02141933322685945,0.016942333103740777,0.0075320589763244825,0.008369778020067059,0.014403280210844593,0.023905591561888345,0.009381013453987156,0.0077462195596972525,0.007575637218752737,0.007850560315939451
0.013253468103497944,0.021947521817095996,0.0021747375510017945,0.014053992247881184,0.010238769322100627,0.01984884543753883,0.01668740090961105,0.007433609159072569,0.008336520659408231,0.01598730562608779,0.023500059419276728,0.009140580555952712,0.007260095531886164,0.007359097230233647,0.0073312775977971275
0.012817306175365261,0.02129384050989999,0.002142832009539041,0.01456245232414493,0.009513162034902139,0.020316466185764704,0.01487883028978155,0.006730376302204968,0.007476506245187112,0.014827015896076701,0.025046936428914774,0.008450659135613115,0.006751163734130487,0.0074871088239366725,0.006820358469834797
0.012605235845059222,0.020809467124448474,0.0020592267347346064,0.013567080094965408,0.009294082380989842,0.020201316384897465,0.014619589579866888,0.0064748434573975965,0.007384552922781842,0.014306249430636681,0.022063989938281504,0.008299386656427219,0.006348587088898281,0.00718989785310339,0.006411744606425201
0.012448275759502225,0.020461964150457472,0.0020806377057815658,0.013849183688246402,0.009275606757581545,0.019884395585169082,0.013859869514945763,0.006543725593316292,0.00719195954572074,0.013389972519992445,0.023402367569491777,0.008386556953599715,0.006822519677778507,0.007726162518824936,0.006840747922907675
0.012234078130568447,0.019642097442100367,0.002032670251129693,0.013153687501278348,0.009209960484737384,0.019497560247242043,0.013647842241966216,0.0063737218818121465,0.00722604299010713,0.013025840537428487,0.021959385549005752,0.008302267297293943,0.0063253222326064285,0.007321439704055739,0.0063320090243132055
0.012077209364016104,0.01908497855850047,0.001936490709041146,0.013228243939407273,0.008581203473200665,0.0192611846540261,0.013602639705159467,0.005828499713810355,0.006478583459616989,0.013360260495670679,0.022051776009896336,0.007676066897789373,0.005977019555983169,0.007169742604813673,0.005989697961271695
0.01404047641644138,0.018559626036570746,0.0023474149775768584,0.01383311580885139,0.009970429252343828,0.019145681099079517,0.014839998486254143,0.00657939776635566,0.00765402001306997,0.014864234482312656,0.02156501656496236,0.00926972871320768,0.006737869250782197,0.0075803319630793585,0.006847413262049142
0.014213640497574237,0.01880913109948771,0.0021592140607542415,0.012828306839574453,0.009919755754378251,0.01867731152710502,0.020120941235632298,0.006367386148705387,0.007507046383482901,0.013800591447089085,0.02191558733647025,0.009063137805628145,0.006394479422329633,0.007831837427706252,0.006424082367249828
0.013760763644968301,0.01879564688245992,0.002214042014514637,0.013440847287447402,0.009304820700085693,0.01842526756470794,0.016807087765539203,0.006116956411604155,0.007070802096819896,0.013447359681128005,0.02115267014514496,0.008466112635714987,0.00619637059708686,0.007753258313630389,0.006231284743956356
0.013511356532536413,0.019149812123512563,0.002062266314964552,0.012770322411702943,0.00930812811775761,0.018576741984039306,0.01716771600296291,0.006391407311539735,0.0073785707670808035,0.012723621842136545,0.021496254887075853,0.008865134136256336,0.006380645785836065,0.007520975088520021,0.006341230196395141
0.013340439444661494,0.018682418777116894,0.002022711623439646,0.013063651019067313,0.009040920206226658,0.01802268734110414,0.020669110004981676,0.006286394187991393,0.007155312300803891,0.012483652752441954,0.021468387424741452,0.008621252799567752,0.006225174888313193,0.0073060599762511495,0.006181854645567417
0.013656812373672618,0.018266461928921382,0.0019695744655968796,0.012822816989760259,0.009611157719795762,0.017855318311055236,0.026586695295195577,0.007195921200799747,0.0077022162846515085,0.013504533814483405,0.021610209889760864,0.009031256960901006,0.00757265105084688,0.007760908597084635,0.00761193179627561
0.013389293789984429,0.018337301155357005,0.0019238451890384281,0.013204592941093201,0.00987761755348094,0.01824971827530766,0.017619505926943002,0.00803765151726147,0.008895113378238449,0.013135685746827639,0.020892678884606098,0.01029271246393587,0.008147220132504258,0.00766438761656205,0.008136161673932081
0.015317906783656764,0.01854559684005706,0.0021301090941547745,0.013057985736233388,0.010739235361578857,0.01756929409675837,0.02122435400935482,0.008983206566925141,0.00961387960708697,0.013609833311061843,0.021236541002372943,0.011311071919123915,0.009349313246754249,0.00820512465390567,0.009300003691391931
0.014189378287554268,0.017814906182719793,0.002033596595821147,0.01270917066084865,0.010609854684541209,0.017499752528983153,0.017088349711995927,0.008551089278720529,0.009252895292638135,0.01273891456506174,0.021319286696116185,0.01076469170372722,0.00843182259356306,0.007976620390402266,0.008343830751516335
0.013785480949240494,0.01748595479693928,0.001953749812479028,0.01260428631027477,0.009730851237308543,0.017164750880876586,0.025697633362281643,0.00780153023834841,0.00856074282471909,0.01250674454956996,0.0207002921008029,0.010063481696504223,0.007926855930026922,0.007734933828131369,0.007899845627559457
0.013826772942988721,0.016981203515530518,0.001948787725453389,0.012593550112851687,0.009705642113536164,0.01698799459151264,0.01930360076972744,0.008321569002584996,0.008786084158862596,0.012003609328009252,0.0207648793098612,0.009971560918081556,0.00817650821649388,0.007765846721216747,0.008248287304305334
0.013963015896985643,0.01841983252656636,0.0018649867128932038,0.012598619397992885,0.010011908318307196,0.01672465623274541,0.021417871369039138,0.008424715054718777,0.008666497687165065,0.012532250598339137,0.021279556937650337,0.010196498934533832,0.008477497466176561,0.007537923774004201,0.008496630729776628
0.013319609235499076,0.017230991050040365,0.001818913969460802,0.012252598622120804,0.010123855201142737,0.016487393596356342,0.01606715291430254,0.007920810621762026,0.008362753819121273,0.011807064869689087,0.022397679122578465,0.009841717945155721,0.0077279326711988516,0.0074488337982364684,0.007732079724799588
0.014993115531265215,0.018650493036898565,0.0019034850577712998,0.012279090868556199,0.00936481769943595,0.016214615601119968,0.016991609082658933,0.007228814310593102,0.007685534771022782,0.011768658865765873,0.020707540723458106,0.00911831489411068,0.007225622641764756,0.00761079985640853,0.007243284949225482
0.01616472992458827,0.017346355144369576,0.0018077273407926739,0.012304972363390567,0.009461597990913862,0.01672638600153962,0.01647038594026881,0.007205128336635434,0.007628584116241205,0.012297928897982494,0.021536734069544292,0.00897350092741877,0.007229274020714554,0.0074027759747665785,0.007288119886182505
0.015268865305961402,0.02039175085332288,0.001756406373551055,0.013127011325011657,0.008945335988304206,0.016034959534896937,0.01610409155290653,0.006764516915686946,0.007168559061065369,0.011841154636915197,0.021457262581358112,0.00871545531170703,0.006750846693615313,0.007245198074990353,0.006775813388230172
0.01464930418667451,0.018798033462796713,0.001970441957279222,0.012075265064460381,0.009087705730815155,0.016037506933125577,0.018365648630744885,0.006372800649468444,0.006912570217771588,0.012941518092781688,0.022814735617487206,0.008494460327180207,0.006322658486665109,0.00772042853839453,0.006353319055652426
0.014679053435724945,0.019188673110007028,0.0019106316660605774,0.012680724759238734,0.008283559482746823,0.01565810059358639,0.014639272074253222,0.006297964132753619,0.006614568728441643,0.012119614128179398,0.02081295329542032,0.007881100835594698,0.006560349254736186,0.007527836054952421,0.006628204228510951
0.014021230612699241,0.018411804862472143,0.001851111022559588,0.023231998642198434,0.010775908325071314,0.015530032191599277,0.01786276166053141,0.00612560198469435,0.006612450324208466,0.031136400521625474,0.021777678869980343,0.009634980907003661,0.006110060240163556,0.007338600802801485,0.006138878867306637
0.013738832106950769,0.018247190599363066,0.0018189149204092018,0.014012214669357443,0.010741234255279196,0.015232485892126522,0.023020340656590987,0.005785701441777915,0.006281068060026386,0.02524277709011548,0.02063869806030171,0.009402552066792661,0.005901934969693669,0.0072242532987862864,0.005929092474234355
0.013511241841018342,0.017860164250293405,0.0018380194284944944,0.022276297225100262,0.009870718272590964,0.01600159199375025,0.016262864008491657,0.005564219444313,0.006123332631552051,0.026472683589681044,0.02098937596834292,0.008846488316159903,0.005592159080135511,0.0071235141709955286,0.005611386679334578
0.026600545819295506,0.0173563272436343,0.00203173056736465,0.014785691396796119,0.010449138433169214,0.015215648272908904,0.01950938337107366,0.0052720899907748205,0.0061437272814700815,0.022054709298481495,0.02101044563195116,0.009264580678655468,0.005370274470191785,0.007474072440761838,0.005390130574211112
0.025383509419122877,0.018851464912634258,0.0020027853851301695,0.021632062081075563,0.01099038182282108,0.015293915319502421,0.024217455910856528,0.0061289418718265196,0.006759443662271645,0.023929682937619656,0.02403431320999047,0.009840718224631135,0.0067730285295712536,0.00722543992835782,0.006787761747957735
0.02427102888364828,0.018353938913078065,0.0019305340624900377,0.01508276919423473,0.0114845301983263,0.015240293901041833,0.051448908004813686,0.006503434267951184,0.006709952197086171,0.01987066020687784,0.025940068840434417,0.009877544584876293,0.0067822020655747915,0.007072248579791222,0.00680858295438262
0.022597918712713418,0.017801875537852282,0.001955724836211628,0.01964057676938706,0.01069637924869509,0.01533095263825162,0.02237117926278539,0.006640201568499168,0.006860481962225746,0.020872437947542243,0.024480517061243757,0.009526858572022576,0.007038688245355123,0.007463778781849708,0.007064940858868567
0.0218514380193371,0.018723982551584032,0.002089487371015795,0.015304558996117627,0.010991348981247479,0.015040742917867772,0.03352235201642959,0.007226376438809786,0.00756982506743249,0.01881010219613613,0.024312704557904748,0.010003157210239118,0.007753128904648034,0.00797091048699455,0.007736193289036457
0.02079904349568654,0.017866003008263968,0.001963322909272632,0.017904673973926963,0.010519406932301845,0.01556495668794159,0.019919151280991067,0.007362586748866474,0.007482263636852799,0.01862317659541754,0.02473108709964096,0.009692252293532317,0.007621949013491547,0.007716312768285506,0.007640110582883593
0.019610996285123264,0.017517879843142823,0.001991550643238992,0.014919456404253682,0.010052140227835354,0.014953183972501843,0.02319625216125588,0.006901014099713204,0.007083006312740911,0.016288580628865096,0.025303229081852188,0.009303649872297924,0.007049530976267287,0.00773206041538139,0.007050920330300498
0.018644115195673036,0.01712402493131684,0.0018766113861940926,0.017163568538450732,0.009619109168736175,0.015138626795999404,0.016984681218215676,0.006490540532469993,0.006781266775783938,0.016413145088846264,0.022891739300891657,0.008775388517890675,0.00668874993246438,0.007544161420500486,0.006698276428252921
0.01758257292844927,0.01667510404750315,0.0018363945268202678,0.014564131401313027,0.00927605447457637,0.014969143546002588,0.020028001362938298,0.00614908986551562,0.006594257862206362,0.014858488802180547,0.02337351216302754,0.00849892153780876,0.006251639179462834,0.007370536994252783,0.006259328435036621
0.016770450117514463,0.016922216024598348,0.0017297840157090782,0.016519777984422113,0.009722947368036243,0.015191664128157274,0.015288369101488777,0.007345858356162881,0.007501323288710389,0.01611167970876765,0.0221819783235162,0.00911507379537487,0.00775954691603845,0.007150876725373754,0.007779610578585195
0.01639216137923536,0.0163902159206008,0.0016874320253594465,0.014851989360553217,0.009984690951630078,0.014731843485345906,0.017602696999567492,0.00817406626389515,0.008752389056498978,0.014325908280988082,0.022979497859968282,0.00968422895744,0.00833996495361346,0.007145024107459125,0.008326692738252798
0.017855165334708756,0.01753407373341708,0.0015998035302727696,0.015475850791636435,0.009588418962739164,0.014716028740850737,0.015362706256886557,0.0075157065408058945,0.008376064276887009,0.014565007391050551,0.02174270300415325,0.009199519025854452,0.0075983788976844956,0.007028084101715317,0.007557672260644923
0.016479873425551742,0.016689036983455214,0.0016026863352584617,0.014337218371550381,0.00946492867400827,0.014424273324927944,0.015467485372975476,0.007894051443782102,0.008225035993094036,0.013649600943789664,0.04494810714186823,0.009013597028613065,0.008235003754986495,0.007364815336285679,0.008359539858936779
0.020011947788636446,0.017376670806653855,0.0017332221099819372,0.01473193891967717,0.009776106888576925,0.015389708525995425,0.014500726445238166,0.008219711803930187,0.008729847062824403,0.01435856421979655,0.06414182190863928,0.00935104118230666,0.00844005901058026,0.007459536035085764,0.008520437768402396
0.018140481122541095,0.01694302712518164,0.0016816184910505149,0.014706493059950906,0.01053345017307563,0.015776559392549936,0.01587915028428528,0.008728822413907593,0.009274478383089518,0.015133866158887777,0.03820472325988256,0.010338493026757638,0.008923484718243918,0.007187710179998985,0.008872928793952389
0.017739378587328117,0.017506409592688107,0.002385104157674249,0.014034650018014344,0.009947421002410427,0.015201794979279391,0.01586085642405893,0.008227748137976177,0.009020578097739141,0.01438464048224989,0.05082424306192583,0.009805829298527823,0.00808642030022837,0.008132984081411065,0.008036783795507391
0.0167611014176851,0.0169297703637222,0.0021815737495330407,0.01436597681094099,0.009881368924558808,0.016573128735903248,0.014385330483694085,0.007683916255679849,0.008449542091817136,0.01422892225564537,0.033168816570979406,0.009447555688089401,0.007728336377300765,0.007711326598058533,0.007680313140944541
0.016275023643306092,0.01867896444564688,0.002162568402108559,0.01375771611779746,0.010152202024298727,0.015497927539396788,0.015055106411031298,0.007601382105712096,0.008722024926780732,0.013510324652010726,0.04093894436349279,0.009680768256870862,0.007507722733969271,0.007528554883174075,0.007463106751789113
0.015902878799166294,0.01744077205333202,0.001972584908256144,0.01387304277213739,0.010038255500079307,0.015933017321767953,0.014239062585074172,0.007030504771628591,0.00802077951678585,0.013857613692662828,0.02900149636450484,0.009233937144100967,0.007002861269717486,0.007327365520117448,0.0069586518190322055
0.015822979835130417,0.018584457252199302,0.001968626034749423,0.015115306789564985,0.011385221817059614,0.015541783988877827,0.01667063743201988,0.008177902773378137,0.009188162944727981,0.0171240584005783,0.03418570771072654,0.010939299572690337,0.008394249151866574,0.007232505775930313,0.008320909810352288
0.015971559654737153,0.017879599081656903,0.001816802341264706,0.013602912794831484,0.011937003002688566,0.01548126674139179,0.01695988254044156,0.008218234513672902,0.009094087474755628,0.015730674279335284,0.027143611572576234,0.011007642142427783,0.007984637902334253,0.007089200910996695,0.007887435634097741
0.015222668211334882,0.01753738997784149,0.001888348173193953,0.014219834574695596,0.01055893272894528,0.015412301677365991,0.015020303916638045,0.007515964060428938,0.008191288941164807,0.015402489967941586,0.029262511598720082,0.009891470437524731,0.007380066450248935,0.007042135310730128,0.007299780812797021
0.014583598880157153,0.017009853964393962,0.0017471852498916352,0.01396118583897038,0.010715838353322937,0.015217036108559201,0.017168839992534615,0.007176571357676769,0.008053959498180363,0.014331753488219105,0.02452684264425485,0.009797533925886415,0.007013938518103911,0.006830776330021426,0.006920145195390359
0.014150829363671515,0.01670671374238205,0.0017549324657777487,0.01355856770644489,0.00963180830356625,0.014971141816951248,0.01399673231814929,0.0066939847618918465,0.0074180650425111705,0.014590723096852172,0.026027876153499104,0.008921558461570523,0.006638964023932238,0.006695641311346701,0.006513683280907201
0.014630352950394948,0.01625857838940332,0.0016306557797813553,0.013325613130374924,0.0096994138298684,0.014774539737573821,0.015008962819249662,0.006316822792066344,0.007225355345960113,0.013500214669500861,0.023500564136481827,0.008723289001279746,0.006236030684822982,0.006621331174060174,0.006131115147910926
0.014185197988187896,0.01591276697098769,0.0017479221884103627,0.01319232150730975,0.008896072750695788,0.014613602731891124,0.013354391108520911,0.005971381336100237,0.006667629623291177,0.013563802616948353,0.02363415654837441,0.008048003127231248,0.005957092092739239,0.006759449039109674,0.005870189345434271
0.013618592338308118,0.02195569002218101,0.0027430395071210184,0.013516545543696095,0.009018084826711346,0.014442695794967661,0.013696292893806507,0.005884383036780842,0.006572425555973894,0.013738289330216003,0.022608826396681592,0.008149672213136165,0.005890734747156109,0.007682003473991101,0.0058126883525971415
0.013283972089091827,0.018726146226504668,0.002553222243994872,0.01311634680166821,0.008416202688886968,0.014269570101109307,0.013367520493261396,0.005827082962023038,0.006173683256847377,0.013276028329843622,0.02349824477947552,0.007718741672927204,0.005865953500229602,0.00751218204392605,0.00576565236835178
0.01283275247349216,0.019564738571175425,0.0024972346233506494,0.012933667802924409,0.008366530863833254,0.014076495077754604,0.013463980974996025,0.005584659604237993,0.00606157879077441,0.01264323392745064,0.021794994162063156,0.007609322150423523,0.005555735644363751,0.0073142834049105855,0.005475779034209776
0.012467630262896824,0.018587409356014974,0.0023157935142666284,0.01370110923532593,0.007874248699165049,0.013889661590702087,0.014555521865483614,0.005395310441236445,0.005772213993499035,0.012238027191099116,0.022101815371272288,0.007241059099663486,0.005418360092194492,0.007268888230398647,0.005358455350299603
0.012271454648539674,0.01820175047906353,0.002280105802364345,0.012581123184429966,0.007846364723822935,0.013824614770310795,0.01357652115949271,0.005304428120359279,0.005724258110372575,0.012285493774506235,0.022071321195270503,0.0071018602368944465,0.005279810504236129,0.007266900958530107,0.005244041236998961
0.012397061505156104,0.019060866154842485,0.002120877094203447,0.013867423180371177,0.008522704427785346,0.0137004526050288,0.014285014556996758,0.006293972115350866,0.00661034433305282,0.011881136385930668,0.024615085903702396,0.008138402256379207,0.006832244164965203,0.007151813578620187,0.006871748180741657
0.013326150325577445,0.018047184885469296,0.0020701797814970985,0.012370383200600086,0.009452882899798613,0.013503067836149001,0.01889171021240469,0.006906565908989185,0.007209666929680214,0.015599109066478361,0.02468096733994318,0.008751830154607345,0.007293963919590477,0.007051628604600675,0.007242483234188861
0.012636764263667557,0.01791953778989637,0.001923627415337919,0.013117818686149972,0.008914471268948848,0.013395649413851076,0.02166650584455674,0.006535400765305963,0.006642293146764051,0.01416436932897656,0.023071766248512815,0.008213953282709864,0.00683305064030039,0.006842049443905291,0.006799490833850863
0.012449372366905633,0.01728181558045766,0.0020343158482023023,0.012114840042974657,0.008682610473222106,0.013384375525617033,0.016934535001322883,0.006269488409327887,0.00652719759857885,0.014138875888559348,0.022839392895908722,0.008032119027814609,0.00647009788737743,0.006761171526196483,0.006450711003829924
0.012093811583027844,0.01689599768669642,0.001908587118044824,0.01320245575731369,0.00826825162092821,0.013211161634533224,0.016940325401445785,0.00593736281081288,0.006088959392182849,0.013773550701337255,0.021953228634235787,0.007658624163638233,0.00613939508476812,0.006712519532512987,0.0061437950115382335
0.014601717295833332,0.01752700899235284,0.0019552265257752255,0.015697887492968136,0.008757021083004104,0.01314395515372379,0.015143431438592828,0.0059504383837231,0.006606296943444892,0.013582849731607196,0.022395841744777174,0.008681095056372537,0.006139771205278485,0.006758294388150451,0.006145804740701234
0.013550489028396935,0.016695915030801468,0.002006981345521363,0.013039670298479807,0.008754193835059609,0.013113741038709301,0.01698286276216764,0.005958756443783885,0.006674075257438478,0.012725812746015546,0.023324162048725748,0.008707779622661426,0.006260406191401709,0.007232082248486543,0.006257577778117993
0.013440362646467275,0.01669769115884112,0.001999445964901111,0.01461615680837505,0.00851154469539961,0.013147006811977287,0.0142662417527176,0.005707181446275099,0.00632031537813581,0.01475766289467694,0.02240422557274356,0.008115670990760514,0.00592543159955963,0.00700547997713608,0.00591275160950678
0.013012395887121664,0.016243720454749505,0.001881815072866523,0.012771737883800276,0.00856279757076678,0.012952900768593177,0.01574085301021569,0.005526902517760882,0.006151662269941162,0.013476888801281377,0.022327019409794504,0.008001705199145216,0.005732200546546864,0.006841769747921983,0.005730885882407053
0.0126831752265198,0.017316923681867134,0.001950414198308151,0.013848247534640052,0.00945485096392306,0.013067909955208266,0.014135443409551758,0.007164215255141572,0.006979020803124339,0.014779412802718906,0.022364429456839825,0.008853323151070796,0.007598567505327717,0.007439629319159171,0.007596262894292516
0.016182189418650465,0.027255849747497528,0.0026973078301895646,0.019746678226181428,0.017639715610771236,0.012800750310293063,0.017306511469387355,0.015796578468190464,0.014828519937961436,0.02080395651019257,0.029226316909139752,0.017658304269671254,0.017826467737593592,0.010384365147382266,0.018149351569352313
0.01576209657646532,0.025317114654107988,0.003021622864103291,0.01429118662277902,0.0203846312998681,0.012802413788470034,0.0245683580271989,0.01703557807771461,0.016835563467028115,0.02144994452260288,0.03463548660202383,0.019295558695061416,0.017348025649055764,0.01171478424221401,0.01730256813563359
0.015953995134259765,0.028066706926421655,0.002858419047677647,0.018513588748553113,0.01920844385047993,0.012584035569637093,0.027006490857269624,0.016125260959573298,0.01577878048926845,0.021200681371817427,0.026591020258190223,0.018432644903591804,0.01727614503734076,0.010885744943475965,0.01738540833644416
0.01522628073894736,0.027600977615324172,0.0027043148298491445,0.01430800066265745,0.019663587390399716,0.015425896646938372,0.030336389048205684,0.016483595083956117,0.016813965975248743,0.020756324712264896,0.02992375672816094,0.018968118060373514,0.01688668577341348,0.010815328771038222,0.0169822479686893
0.015083324658681068,0.026166248756102597,0.0025803697849281237,0.017330910803083327,0.01802651988585947,0.013710607123223776,0.022201388511662735,0.015336379022935038,0.014910323476510856,0.01960250575354596,0.02463496856455697,0.01719843017537995,0.016063093872517947,0.010391837521896076,0.0161198904841268
0.014328777059159782,0.025421195419805795,0.0026187798098466133,0.014375646498585325,0.01758859737101827,0.014371369773963671,0.021397365262282947,0.014391718456811227,0.01479990593188704,0.018087145349832332,0.026381566591302794,0.016602739418569875,0.014386866842800163,0.010782731514222463,0.014438072779447454
0.014309280385252482,0.0255763815647022,0.0027212751764713666,0.016255285039692778,0.01594097836779036,0.013831228431106781,0.017350186737511236,0.012803604044676165,0.012925148716250839,0.016899416745558657,0.02342384114749117,0.014934482054565426,0.013466820984119186,0.010812754018920276,0.013524295702394542
0.013704877664203887,0.024088411733192,0.0026171385996190304,0.014060736941352084,0.01578993871599554,0.01386364656673745,0.017698627309879846,0.012225910561401175,0.01290123002399779,0.01578162154934732,0.024345418988512512,0.014622913768003993,0.012309418278580182,0.010322555246532852,0.012357387108018071
0.013258650013691885,0.023373423259915066,0.0025585614277573027,0.015158573027233207,0.014063783489629438,0.013771071267506086,0.02124841352440975,0.01072174070582616,0.011235679836182582,0.014880330896722844,0.022872539029956198,0.013088708630797714,0.011153923402773347,0.009975813767823825,0.011213713284096266
0.012980778121564023,0.023969604145545345,0.002560156143505114,0.014436137320425207,0.01478167125253135,0.013560657217047203,0.016568200294561228,0.011355835106815964,0.012058515275087453,0.015366617587687625,0.02652129418636933,0.013562325662135454,0.01182586743832497,0.009846717948190802,0.011974517410948005
0.012546474999115875,0.022837935696906956,0.0026534959389007016,0.014943353226755284,0.013790381116545427,0.01353147822523148,0.01849907273851749,0.010387828780571722,0.011084243569889842,0.014322917921922395,0.027238718166512788,0.012595869892917009,0.010615565278902235,0.009781363997654911,0.010688875580217498
0.012238834553866446,0.022192170809108756,0.0028943279260570222,0.014015327809364195,0.013379611821277669,0.013343837266676241,0.015044519478385922,0.009741846826297442,0.010541557552521926,0.014339109807024164,0.025564701938716215,0.011908671358948042,0.010090184495996257,0.010517434025722519,0.010163018507867631
0.012166443596020322,0.021522413499173883,0.0027537043148802096,0.014220567815496807,0.012548476873664378,0.013242432563690905,0.01546818778946786,0.008958020653357646,0.009796270402870788,0.013424115666991225,0.024912112685983683,0.011091235227439275,0.009158301043247913,0.010437454106612582,0.009223449493752625
0.013414154137576621,0.021729944558833057,0.0026887714166206247,0.013706499507876923,0.01206491607559641,0.013476232616395252,0.015572737028943785,0.008386694786592071,0.009413687321566206,0.013078503845066538,0.023443751530897082,0.010653166217019321,0.008648861076739116,0.010842527742767867,0.008748086288866483
0.012669941542890743,0.020567950419148117,0.0027791320966069084,0.013533429177277272,0.01144324673134161,0.013162015736127027,0.014286087610495648,0.007834170382469545,0.008843652245802752,0.012355849737933619,0.023469200910493728,0.010001333413903109,0.007977271972973213,0.010552302979052321,0.008068710177783408
0.012784561842174604,0.020142800437474156,0.0026075958519870806,0.015376091295489358,0.011011744684873337,0.013126951528634872,0.015355783295097361,0.007235419343195012,0.00838552411102528,0.012144776937994014,0.0229478050707446,0.009636719567308782,0.00741035139179938,0.010146834753706478,0.007506946390939165
0.01229491371271982,0.01982716342639787,0.0025271066695569545,0.013224987336477555,0.010581033858019244,0.012901395629759385,0.020154258171039455,0.006846055639129214,0.007934330797121626,0.013357017039972724,0.022094865423092663,0.009254858267020667,0.006925118783331546,0.009924205175661959,0.007016744725406167
0.011997529829669194,0.019446287843462973,0.002408119899527307,0.014417921896889768,0.010916802858548078,0.012802657806190892,0.0161809625444137,0.0065096236595255244,0.007644342777133154,0.02292969546655684,0.022049968251023833,0.009530322404326804,0.00661949662062154,0.009669952907306278,0.006689041760658462
0.011937163815646407,0.01942548333567605,0.0023224737697420074,0.012969849569786194,0.010953298422918579,0.012626086768764951,0.017902300177834528,0.00643635514734524,0.007520071785246562,0.019409382402814944,0.022428170002599387,0.009236299821496126,0.00652161806134481,0.009327856093473374,0.006581789561562889
0.012055966332811544,0.018687422812564157,0.0021855343702890506,0.01373276978876681,0.010175961772157184,0.012908484076817512,0.01644692170832699,0.006137167174842128,0.007212956155971411,0.02004098282231227,0.024115671104736704,0.008661856577377445,0.006295470918790355,0.009024780483977455,0.006357569700756444
0.012809725516696095,0.0181949614471423,0.0021054701940876504,0.012652965676696791,0.009961359308350183,0.01255402292764688,0.015231563225220452,0.005938808682367929,0.006901565403442644,0.017159840759233946,0.02404801324031575,0.008360392844754401,0.006127229637660502,0.00872164110281572,0.006144055952039141
0.01257312688177741,0.01899753613663921,0.0019893279721587154,0.01304540423017796,0.009317418926986681,0.012526815574236341,0.014772923835759979,0.005673888678973351,0.006635872836679927,0.017233082570494843,0.023625674607614205,0.0078402401367164,0.005775665958089909,0.008448883327043098,0.005802913645828256
0.02478994694073412,0.018317768478728035,0.002167981794064022,0.012398625763815911,0.009532988694824843,0.012812420403358855,0.0148380292054759,0.005451947783640161,0.006348846537262455,0.015646015380462803,0.023425751132329507,0.007883589508098225,0.005565261619247816,0.008918588144712162,0.005564445412009
0.021584614779769765,0.01815412856672143,0.0020275717411395488,0.012585015512124553,0.009068813607929355,0.012540207774011672,0.018498459516712945,0.005243950917404183,0.006171061163612252,0.015469970595438965,0.022866483867179283,0.007575683728390059,0.00531348824467576,0.008460205230232953,0.005314517509858254
0.020851334296956736,0.01821140746062675,0.0022631107024516472,0.01647861216947106,0.008782482813926485,0.012476301455022383,0.01686441377515783,0.005070634857786626,0.0059242476187944615,0.014180120651811554,0.02226879549801905,0.007306734912025035,0.005122979446130853,0.00857006384179174,0.005128253932178212
0.020221489789394705,0.017654232694683424,0.0023835079343709066,0.013288831850440521,0.008465120249327867,0.012310628767099641,0.01656818731455151,0.004975718994830149,0.005772163574963141,0.013994260312768587,0.02250990025348754,0.007180380779452181,0.005009266877882935,0.008781218164086077,0.005037122550477341
0.019787967080445303,0.017286477897516046,0.002305897061961454,0.015221668990027496,0.008981780010373747,0.01219633520034768,0.014994445180683397,0.005595639277100523,0.006197501453126876,0.012883092776317695,0.02213108342024683,0.007633584178124097,0.005821863067880359,0.008889503478350939,0.00580668751674269
0.01890136310762104,0.016911581227569673,0.0021662160699251897,0.013052436203885541,0.008878694457880842,0.012227767043715611,0.016139309822669975,0.0055431956211055445,0.0061892130877824695,0.012895798403077164,0.022466415363960573,0.007478276743132412,0.00551997832014067,0.008499015513494638,0.005478977736640676
0.0178828960932415,0.017287547673450473,0.0021602304904746695,0.014254880844445707,0.0085375475670242,0.012068743771385691,0.01484334457305206,0.005188367604749366,0.0057447469589873654,0.012255494934209878,0.0215901315523957,0.007129902316349418,0.0052986825273722326,0.008526887463688846,0.005270197672323412
0.017585512924169353,0.017456255335359154,0.002377225831993183,0.013321528257633976,0.009047077612540949,0.012285816400747942,0.017612861101003442,0.005879218847455396,0.005870343700418814,0.012503438045820508,0.02266452538456137,0.007595538900638802,0.006011695978533568,0.008715592327976036,0.005974522241755035
0.01670017255912011,0.017204024178559728,0.0022227535212351003,0.013552185053345963,0.008783627090473966,0.011971699836664691,0.014491602490425288,0.005706512614814229,0.005640518353195695,0.011757658403502584,0.02171842464534901,0.007415879699254965,0.005646876035890932,0.008334670859227756,0.00558400606971743
0.015899401112742108,0.017414207803150946,0.002351477009400091,0.012855262913691632,0.008357029180110161,0.011968633989772014,0.014798661423593533,0.005373731084510535,0.005563048404621339,0.0116548660830678,0.021654398163284565,0.007082360816795899,0.005407802089611026,0.008571509569351127,0.005363513836676419
0.015467943522100791,0.016708385320398682,0.0022149154415172794,0.01293008610066702,0.008300652942382237,0.012184883175602472,0.013600205497593103,0.0053603660135518975,0.005358061633804411,0.011248553424954231,0.021114865400269113,0.00702288145358314,0.005389974266510991,0.008247244671139941,0.005365639099937743
0.014724221904216477,0.016411465525132573,0.0023612285458248774,0.012427995118784528,0.008054653713841977,0.011941981643972343,0.013621411640212536,0.005356782363297572,0.005421659967085743,0.011209636087638428,0.021837680445200784,0.0068699767873695704,0.005412527048801718,0.008406701318607268,0.005426147553368826
0.014124124068876967,0.015990905555055664,0.002301110008151301,0.012445080384537368,0.007852815115675826,0.011959238217782997,0.013102200639278614,0.0052556720755745434,0.005292541031941716,0.0111846311436485,0.02608069172195353,0.006705181248628419,0.005230095500606865,0.008391309034881634,0.005239231140594782
0.014056737216774766,0.01655313362107248,0.0023121385406205497,0.012074451438967024,0.007729635624441012,0.011768158512742233,0.013281507621596932,0.005086440552433632,0.005248725716383001,0.010991206918686188,0.0306105058608345,0.006585628838548978,0.005117750030595004,0.00851149919397792,0.00512675107811362
0.013446817418299712,0.017067537751130075,0.002153831476901284,0.012260038253303868,0.007832220754094638,0.01179801418814751,0.014215034472434843,0.0054758519675814875,0.00555685102341905,0.011046177783094437,0.023859722089053927,0.0068825542562226194,0.005612653809810794,0.008179092625440514,0.005629576983258431
0.013040840476576346,0.016280698525390283,0.002150690681734802,0.011865407716888878,0.0076818223475871835,0.011619626390936192,0.013726515818677483,0.005342307474814005,0.005539314670081342,0.01078977116142093,0.027938313018152798,0.006734115308563053,0.0053168862732259434,0.008122997547498288,0.005300365948401185
0.01264065811170223,0.016109278572779585,0.002025416049350066,0.011951832476428502,0.0074724697751072985,0.011619994312229003,0.014606122176981519,0.005075077240742361,0.005218979026736983,0.010638438908981154,0.025346537014516154,0.00650551636312822,0.005162842114296876,0.007834921012190412,0.005165045195413656
0.012270561060727,0.015735792220082614,0.0021141779419553202,0.011700401194714945,0.007303605927543275,0.01171577571435298,0.013551015617473215,0.005035505669533844,0.005247091741981633,0.010465385562999828,0.025382382723176708,0.006407984765349182,0.005085168063920711,0.007757530416776603,0.005078199382727325
0.012380927763658981,0.015482227416042528,0.0020113647391758714,0.011710827042030802,0.007193742917457544,0.011502967231515553,0.01372435248946915,0.004877180825156636,0.0050278474827672795,0.01036082622750357,0.023174428884386308,0.0062374163619822445,0.004931575742648268,0.007868194456871461,0.0049255841637088965
0.011969348698120863,0.015301052068779502,0.001960739102314503,0.011438508054633425,0.007149898351466431,0.01147137103979205,0.013457350716247839,0.00478217400463805,0.0050041825159812285,0.010288447716389355,0.02323252446605438,0.006154214937175762,0.004823307454554086,0.007553150563109179,0.004810113340945387
0.012127736278333655,0.015575603631635878,0.0018357687977899146,0.011524390448461663,0.007337975656658735,0.011923049272412055,0.013341843630303074,0.005179569426024622,0.005674721215752936,0.01019979719877158,0.022540699416295013,0.006597929244503837,0.0053964572875605495,0.007384781822018836,0.005334641904812152
0.011903060314315593,0.015059038627570083,0.001841398361942016,0.011296821141263538,0.007275649456983629,0.011616841376769995,0.014095594377736935,0.005188299003797182,0.005874847064791387,0.010169530684154281,0.023523513357407263,0.006647163008476826,0.005163246958780823,0.0072463346852014296,0.005102855180437329
0.011900478408419657,0.014962709423699655,0.0019680335394972703,0.011264307500805513,0.007040070420128616,0.011622540932613034,0.013400007863836588,0.005025503570531164,0.005420652017128809,0.010185327814069348,0.021908367877881987,0.006363747020088931,0.005144979899992579,0.007226511627301816,0.005102696064058998
0.011604101898642328,0.01463099481264169,0.00222311489633219,0.011113031265322797,0.007027712913280697,0.011483707507255962,0.014884775367173038,0.005286267199827558,0.005586381792315612,0.010100082097276362,0.022154085948141992,0.0063242210149258874,0.005262000106110876,0.007961222435662075,0.0052483911062780764
0.011821591401673225,0.014481811151641336,0.002092188430575322,0.011232633434650176,0.00697082965118651,0.011745546158840546,0.01576742883803991,0.005242648562417598,0.005537273787085696,0.01021954864254413,0.021274912042300042,0.00630467289943595,0.00516501072059076,0.007578105219394331,0.005168606158314671
0.011464630473281341,0.014315801979132608,0.0020501931658095485,0.011016495083555148,0.007001484265959377,0.01144239686192415,0.014368683217498002,0.005173951024049927,0.005666132300145676,0.010622399192502447,0.021688964443280785,0.006332885771085899,0.005245987193210972,0.007403972529220855,0.005195957096958272
0.011375828301383178,0.014109222691658554,0.001967679554617502,0.011013181073061729,0.006894605599892281,0.011604276442776236,0.014061807851029737,0.0050011885664433785,0.005291453247140738,0.010406890731478007,0.022162321978284015,0.0061451256368167725,0.005045085621513124,0.007188881134017261,0.005011327737236349
0.011471411200163295,0.01607294685781555,0.001982956431391415,0.011052144929207664,0.006923202070202044,0.011450466005802129,0.01343907267309586,0.004965441910131108,0.00537095482417429,0.010350963791000733,0.024006717783526414,0.00616966043176052,0.005146482577555579,0.00738034265021138,0.005115228918975495
0.011209186034151084,0.015488357026838514,0.0021220314022930412,0.011779677785428811,0.0068805734308178676,0.012354850685835018,0.015051547480210554,0.004984857546189675,0.005334184850117818,0.010237119814166506,0.022034800565464065,0.006288666280907551,0.005036474036502254,0.007378565192004575,0.005013960425113217
0.011153136754406682,0.016013312115732942,0.002006840456672886,0.01097114446040023,0.006835876552847201,0.011680778423783882,0.022018635468321866,0.004897089722627088,0.005353307587737115,0.01018652000547007,0.023053697876239863,0.0062749968170325975,0.004899791501456977,0.007121608603703127,0.004876881477111155
0.014724585459123259,0.015400611810276995,0.0023896302799221543,0.011693463110756992,0.007610628733136937,0.012415750196091988,0.01599884365045436,0.004832610275449788,0.005478753273938386,0.010280516545391284,0.022590720236582755,0.006542408384973231,0.004968794675264971,0.007835712436898313,0.004960122869896818
0.015939173657239947,0.021939264030965563,0.0027352712269317005,0.01279614163282154,0.011328374248403833,0.012948148370594595,0.01879973844267964,0.01102922813582315,0.011144858966919769,0.01333381660726476,0.026603260859007948,0.01148983958901389,0.012035056339654831,0.008800366912588288,0.012190266980625274
0.01657574924060532,0.01985153599307761,0.002559658951283424,0.012319734393780058,0.012676392965654024,0.012636662555155078,0.023012077797784008,0.0123188097028469,0.013041110987121749,0.013209861170868465,0.03235049600059073,0.013039376638081855,0.011914026288309183,0.008227730086374061,0.01186765864078393
0.01733901310248397,0.019806693849886446,0.002667499507329177,0.013217958716673044,0.011858728170393917,0.012757500600535052,0.018378744438157082,0.012369334308696543,0.012303941047116568,0.013474914177171188,0.02559702788527355,0.012313336172232268,0.012717761370421975,0.008689464277007612,0.012696228485648218
0.019942779358368228,0.020612244265586558,0.00250391984440017,0.01206943590909585,0.011704621947938167,0.012497286917767914,0.019443089344773953,0.011894709218799005,0.012284528988260863,0.012735640961771115,0.02888532982681532,0.011941882685120286,0.011329380969063338,0.008242822928453335,0.011264168325759678
0.02133823124078692,0.020402374443103395,0.0024209419225479424,0.013357261617184757,0.012084615927760974,0.012492963398043216,0.015765315281502965,0.010873140364351951,0.01114963469822709,0.013735494951266199,0.025285244303206646,0.011934859017408213,0.011072161304169069,0.008121706214159245,0.01110698742534445
0.01977317708844493,0.019814082807425557,0.0022667455063696746,0.012027389193250582,0.012120992583012014,0.012287758421168722,0.016010639452271068,0.010694872507401143,0.011287537206930796,0.01264050478659419,0.029411682694166944,0.011686940264855984,0.010184779440639075,0.008171045257316515,0.010197885421737224
0.01930039151053171,0.019204205615307824,0.0022039692998149373,0.012777805678821506,0.010911731215794309,0.012221412080826648,0.014620004714005203,0.009259833305223439,0.009782199821501058,0.012788390894783999,0.023295530464891127,0.01058694147394594,0.009287511078107881,0.007898834291643297,0.009312686713280957
0.018066749352763856,0.01937043517493365,0.002059533999154369,0.011904078537404472,0.010853630162855319,0.012203564803857914,0.014345616098918372,0.008921365215188621,0.009798540104757555,0.011981298351880944,0.026380732161738023,0.010396016293790295,0.00850606866017023,0.0077295272041483665,0.008537669237721819
0.017147027244183762,0.018644171589920943,0.0022232414139412245,0.012405183524652698,0.01032618769944068,0.012305867566667612,0.013811719651850653,0.008708134647442679,0.009143840009164541,0.013246067614071835,0.023561290456511043,0.009837782793818412,0.00903688887103186,0.007833920966389806,0.009080855497739565
0.016486262826719736,0.01831194639499821,0.0021624782710554518,0.012473284078930225,0.010503595714448226,0.012086927902227268,0.015040407422249307,0.008682637002579537,0.00956250538939718,0.012167478930099944,0.02607168039862846,0.010031095579027127,0.008503238546595984,0.007854525899149404,0.008475476512599186
0.01690230761285103,0.01834374342073213,0.002093566828516358,0.012057829689735346,0.010125688269107334,0.0120313918555126,0.014090842281380212,0.008016722720810443,0.00888819413033691,0.012544185582062129,0.022092781878054957,0.009479770801051562,0.008304413116905128,0.007559777185759123,0.008285088948986575
0.015813310230335827,0.01759159490409301,0.0020364850943348227,0.013321421984292824,0.01051293194247329,0.012948777084574483,0.01815920675913584,0.008644438395773436,0.009361076442074661,0.012314169832380524,0.02398171146107642,0.009893845009853176,0.008571262496031578,0.007577632245403433,0.008534759162460319
0.01514909387843653,0.018859085063333825,0.001993775945645054,0.012309883931636045,0.010241137787772903,0.012800393043667771,0.014451952918382112,0.008199446297182113,0.008677587049203414,0.013714311039861317,0.023458700788433623,0.009670828148558215,0.008138035000461232,0.007595759390803816,0.008079569182743957
0.01461742068253613,0.01760287338659474,0.0018803120240116283,0.01271144189396991,0.0102617897717587,0.012674885079710818,0.016752431717823372,0.00790029650051888,0.008486172140879145,0.01257871341117991,0.025910121607054068,0.009368055329156395,0.007703055316968137,0.007341957707254366,0.007709267461287579
0.015227550117903887,0.017666798867726898,0.0018163930208151054,0.012515416475726406,0.009615297094196767,0.012916177173066055,0.014148239936719405,0.00834203459674683,0.008355005682420336,0.013330073972031137,0.02205124415615031,0.009108112351349212,0.008353648399283315,0.007179945231386735,0.00845398258749864
0.014486957091726024,0.016973467155271052,0.0017984830956403962,0.012268565579487405,0.009741351730867044,0.012617487375107143,0.015796991327448894,0.00839430813990862,0.008581735108776467,0.012269651003227727,0.023947604461211105,0.009205288461156659,0.00811896207715921,0.007436653003420755,0.008241780473536166
0.014102551817885844,0.01744713050476001,0.0017792527054080374,0.012247836097273314,0.009018246499102694,0.012700531729490845,0.01351567723247045,0.007685247164332915,0.007808143548456691,0.012361249247112712,0.021921311314764873,0.008554536289744558,0.007603267368313614,0.007177620845563436,0.00777313564262622
0.01354456806936957,0.016803699526978452,0.0021080327558832012,0.01192975851087174,0.009041059629903014,0.012433131715276782,0.014244253202354413,0.0075861059336686165,0.007889514812971933,0.01167017761292466,0.022430402937809665,0.00835093387003794,0.007513771555776776,0.007771332393845828,0.007587301529910496
0.013074157910832973,0.018347154040191417,0.0020604952203523174,0.011898797522390193,0.008406182285383578,0.012467499536405696,0.013562743048650825,0.007145638070819903,0.007272589943195509,0.01182093645752132,0.02122871640722694,0.007857786459626004,0.007095282786376567,0.0074724900074190255,0.0071354831850888355
0.012814143219152727,0.017047928273774465,0.0019966513112925207,0.011627975247606292,0.008404987790100273,0.012288394101116134,0.013413044375215682,0.0067528428016361275,0.007041361105699444,0.011195381809511329,0.021939412844241703,0.007669989733648002,0.006605683264152221,0.007451170637525064,0.006644705638234033
0.012387271035379616,0.016953905378772494,0.0018946490851280229,0.011645272708351488,0.007892741450114116,0.01227667404861279,0.013137690027065514,0.006387889741715501,0.006690280784727934,0.011168348948544769,0.02206067776312914,0.007333542794001085,0.006479013757222088,0.007192866493964151,0.006553643082533691
0.013272377487658077,0.016403754554128194,0.0018823893018623322,0.012656013183657276,0.00815639759357095,0.012341664999200587,0.013302087410034859,0.0062811444685142,0.006673719897361354,0.010793333398480938,0.021572812291562007,0.007418922566589103,0.006347995307218933,0.007210963732790426,0.0063275070122058765
0.012590070692454271,0.017698950043115155,0.0018748028194897999,0.01173528939939787,0.0089748550372614,0.012719638323958163,0.014785092453899563,0.007913732779089829,0.007886585892345423,0.01234587394997249,0.02172559183159496,0.008964391719264355,0.008433875335934832,0.006989336548297445,0.008307230840467672
0.012567589135902479,0.016642321565201658,0.0018082336965202731,0.012152661755059692,0.009106606671428964,0.01296717305313977,0.015146520756721269,0.007728537535487687,0.00805143867656581,0.011527489569212304,0.02226456276879247,0.008954530548880677,0.007548467595161577,0.006815112444044955,0.0073761298040173106
0.012233981190891353,0.01685418224541826,0.0017672520041970318,0.012083566288075586,0.008662940782623803,0.012727985673103508,0.01395495347738666,0.00698032086340588,0.007146111221049605,0.01168817129609014,0.021659596466743317,0.00826021392768298,0.007290451989449998,0.006724599769576741,0.00716988773669402
0.011998515702721679,0.016283676663969637,0.0018674949412940442,0.011803279445753809,0.008841753409488694,0.012870958313430578,0.015406638199206433,0.006846237320626438,0.007296867957860708,0.011411793313805324,0.02300907390379888,0.008235840683479313,0.00673973816080527,0.00769693469316785,0.00663220317527824
0.011713812099669471,0.016235385020349644,0.0019073803606981105,0.011738105340877854,0.008202461724813039,0.012815039366531618,0.01338452173455862,0.006353354484286921,0.006696687379976968,0.011438963655123617,0.021233099580272623,0.007644434725835805,0.006602122844272837,0.007430518996704343,0.0064636018431819715
0.011484068451327972,0.016807785037498194,0.0018723312971249226,0.012991517131038723,0.008592471965452552,0.012622597838671723,0.014119711043848984,0.006580278411175836,0.007206585616662042,0.011243681819908292,0.022320553979001578,0.008125233975375857,0.006595237199295703,0.00728804425027356,0.006434395112345222
0.011362933908577599,0.016048384745344875,0.0017954349423909691,0.01177576589984839,0.00808879530767477,0.012539522067494535,0.014494860361809959,0.006053892115072992,0.0065908603574840845,0.011147797047566632,0.02131936020858197,0.007636371179474854,0.006200345238129825,0.007071173625070958,0.0060655999920009186
0.011156441502142315,0.016035790349744238,0.001745233188700705,0.012653472853290444,0.008100338958026216,0.012371194940427115,0.0156428347932089,0.005922812425017092,0.006523619892020233,0.011062301977306422,0.021855981639030374,0.007476591616247423,0.005979033971556862,0.006890488359344706,0.0058513109183751045
0.01114099038857943,0.015613245138146168,0.0016874387867962875,0.011617640760855218,0.007850523560171095,0.012383162987096755,0.014275150010731734,0.005539019744968737,0.006037403041381892,0.018688442232919353,0.02181920137268664,0.007165588759062041,0.005655003279811511,0.006722283672790548,0.005551783669897678
0.011240706440112127,0.01660891471492547,0.001721543374395149,0.012981457971843323,0.008664048861512147,0.012399787742281856,0.01785346862107009,0.005624933409496536,0.006333036928957751,0.017838770615420992,0.02429038890872638,0.008005406431110643,0.005596198287847486,0.006669989636510965,0.0054959559405096114
0.01107029439415545,0.01678332070798744,0.0016372241102959547,0.012008608746166476,0.008621568189557423,0.012186470069961614,0.015155335009958509,0.005547379084013482,0.006627290975435443,0.017361872623048,0.028212582121783646,0.00795854354293184,0.005641681391754926,0.006519391548594524,0.005491583897880903
0.013831790513368487,0.0162334294253383,0.00173814225770439,0.012788084590700055,0.008494280842810582,0.01255897732251004,0.016149961981647067,0.0054641084466534665,0.006896657814293566,0.015792844582334813,0.0231960381279007,0.007999381275162427,0.005506769051765702,0.006653488300621177,0.005411996690857658
0.013370170774663117,0.016048054486027773,0.0019392926674793329,0.012018679310957882,0.008611865855114809,0.012338718318491397,0.015803787392591105,0.005336585665043465,0.006677927820427943,0.015804325005262708,0.025909047103080226,0.008100522028732767,0.005489932834691065,0.007152599824515018,0.005408037321703498
0.013266894948337438,0.016774194965015556,0.0018475833970784234,0.012281748791835412,0.008225129809625727,0.013412163451984394,0.016469598334170835,0.005495045699490236,0.006798096276959365,0.014463486377721465,0.024266794969681357,0.008048764821655697,0.005502680104194508,0.006828134395436348,0.00546696904118275
0.01278787826289149,0.01598017361472814,0.0018139971857285462,0.012568389405536786,0.008046195778446156,0.01284152008854371,0.016473548283802156,0.005342479797376566,0.006531378584103245,0.014114669794182924,0.023674811436354685,0.0079145429282921,0.005260215197786846,0.006912448965811927,0.005220375305692345
0.014210050562960663,0.016158042433622583,0.0017285556719052854,0.012166762053710874,0.008319630218671428,0.013279218602270276,0.01492157767738692,0.005919257745842328,0.006931736193172611,0.01310790158165928,0.02446535797177958,0.008006299653688789,0.006209059193517733,0.006667919664661011,0.006130065170578969
0.01330856223881704,0.017006002837090875,0.0017010195745487567,0.014463970182636971,0.008836671842183248,0.012868489054547991,0.01735537440096477,0.006379219333432978,0.0074425459144714,0.013138550186663206,0.026586825353761608,0.008556353693890852,0.006508077289872896,0.006636572865554835,0.006561741216045268
0.013657248321729236,0.01608978776800878,0.0016401964696610583,0.012510039022274225,0.009151107091155507,0.013020594175111255,0.025080153244014865,0.006340466342661613,0.007438561182700283,0.012414125467528257,0.02324395368407442,0.008943905211219233,0.006524426170205793,0.006812224531620094,0.006436667453325229
0.013511986406836023,0.0160775330866666,0.0017035048198321154,0.01360532888121319,0.009123673135271534,0.012736492950228676,0.04401841214476055,0.006121965477338521,0.007180917563345039,0.012727649481160435,0.0249787383125924,0.008880068316463832,0.006154447420579988,0.007040193275146215,0.006109271798275902
0.013742598381700093,0.017800591063948854,0.0016942886496137347,0.0152096822589618,0.0114232483008521,0.013355789761859593,0.021668630958378073,0.010106253008139549,0.010124012669215934,0.015864415756045608,0.026241996678599073,0.011454557709175504,0.01088309940294229,0.007188296204116583,0.010873648836053516
0.013194465516426515,0.01647993594430541,0.0017820474897114688,0.013852861848296894,0.01185190171730599,0.012774381162874389,0.030130776640584653,0.010043250277507194,0.010679775112901363,0.014352553890916336,0.031637682319653304,0.01167010545497939,0.00961324507902993,0.007007322435376333,0.009471182337329772
0.01282312803118313,0.01798457618980367,0.004004338956201434,0.014627836826993796,0.01031071966877821,0.01858205142203745,0.021457899363469663,0.009578758883647443,0.009070317543529164,0.014273943323563756,0.0245111975185177,0.010293754911473479,0.009846937577725909,0.014233310171294748,0.009810468569182315
0.016223600926136995,0.020088688026776994,0.003841335433999948,0.017699702944339216,0.012125783347812785,0.015278669705681234,0.022802807385894065,0.009482916458031013,0.009799976793070935,0.016395608478436827,0.030334907507707093,0.011974316691217613,0.00889373952852578,0.012942462740949165,0.00881832380116104
0.014836978177796677,0.018426571040836507,0.003833474315152707,0.014944289624337718,0.011510420396017679,0.016921057909960673,0.022508716074051943,0.00815576712678026,0.008667650573671545,0.015120699457747876,0.07704401946215426,0.011118459260395891,0.008307597854885712,0.012731078937611025,0.008237349234810488
0.017225143426307207,0.020004253403770766,0.0037135455991926408,0.018597016925947795,0.012149537224306188,0.015803109149337177,0.022769235034925287,0.008106602320306126,0.009340174720659893,0.01583453981504789,0.11621344418678799,0.011163751557070922,0.007630446850727339,0.0122893732893796,0.00758077478649386
0.01627843949042838,0.019126140486105482,0.003607924283644715,0.017672744459733575,0.012722632139280455,0.0160411097333157,0.030150466625754713,0.007469623637000355,0.008952802331791158,0.015997470582195653,0.0648505343286509,0.011513348910334054,0.0076944826930949815,0.01189200231030988,0.007723040933960742
0.017879244942554856,0.01877630936103379,0.0033655588896306515,0.01740939575422611,0.012292117769867501,0.01559388960001664,0.022396979588565256,0.007446484866147505,0.008663721064576092,0.015744667583958878,0.0915165043784989,0.010989839378916379,0.007164651267400236,0.011712775814371997,0.0071535454328617775
0.016474069686799202,0.01823793970941033,0.003569861550677679,0.01675375418788455,0.011664772494818437,0.015605011646478751,0.022246549440467448,0.0066669338931816405,0.008158836906292745,0.015722320329483744,0.056872620230576994,0.01045593672469243,0.006931683185564618,0.011991197686123995,0.0068928154932627285
0.015809565211690642,0.017795390546101526,0.0033690612844335943,0.01702663706612179,0.011073369513717797,0.015628486982256686,0.019529715711092688,0.006713728723831374,0.008025266419783097,0.014880577997502475,0.07084651076466958,0.010059102764957327,0.006588192600792116,0.011389975185572776,0.00651863327297371
0.015764400243069496,0.019085675787436487,0.00324589080748547,0.01624874554276143,0.010841722135918497,0.01525024795590819,0.02101016135179465,0.006524689466369774,0.007848717708705627,0.014350699859625173,0.045280903402973534,0.009958531561239966,0.006827043357859088,0.011024881874270647,0.006754204923456742
0.014902889353150475,0.019465520590038973,0.0029873890803582483,0.015945709412895664,0.01044279372142155,0.015277783296406312,0.032117488321185744,0.006463946579340819,0.007740699871942985,0.013574741746076556,0.05550549356979789,0.009578312763528633,0.006338238883548578,0.010603767145253079,0.006255892051106173
0.01449125822630634,0.01846386437333501,0.0030413595893122734,0.0156161520108309,0.009957082974694356,0.030695701866561856,0.01800382606666593,0.005820527533095352,0.007004339432307433,0.013915376201437575,0.03680155023507134,0.009049489344767476,0.005984299708121022,0.010283798143894136,0.00592193769041708
0.013905251136206068,0.018130507385474722,0.0027794938298272742,0.015050903051630942,0.009707960598682088,0.022951989834733667,0.022448763661980828,0.005947443287056002,0.006953891077654511,0.01300413474691764,0.04413898356063239,0.008777373758131963,0.005800031797362708,0.009908249320416033,0.005779682471897212
0.013439559655662587,0.01809390395042918,0.002813465571156823,0.014894582776354139,0.009072313031286807,0.027578366469427098,0.01583481011603414,0.005982547393163349,0.006626143699133711,0.012656161681838664,0.03082740588631171,0.008254089295259469,0.006026305834047155,0.009791771797854261,0.006016629092412061
0.012986374458051099,0.01741918930593435,0.0025754360814940935,0.014349080746157282,0.008851768014477023,0.02432560069888173,0.017096651443218838,0.0058951578626103085,0.006648418095958839,0.012265292879907306,0.03616168055848958,0.008060470833444314,0.005677720090567889,0.009467993681162065,0.005642579350726437
0.013046092310298433,0.019752555222983026,0.0028233279035692225,0.015513599512352594,0.009234705403319672,0.025372559747758417,0.015556231897436757,0.005581309765601311,0.006865779327317122,0.013194091592226016,0.02760354916398154,0.008912933784148001,0.005612613833331456,0.010279018616090946,0.00557945055991706
0.01309763080320804,0.02396023676593082,0.0029048432260544753,0.01494200142312956,0.012649260103593313,0.02442970070085171,0.022236700411792917,0.0057809543250550086,0.008118512747186491,0.014254054637046128,0.03452559096983419,0.011010276234387162,0.00570238285668046,0.01011189564934558,0.0057137164733881305
0.012610811159064117,0.021260143386722233,0.0030453483583591885,0.01464629846148086,0.012735156784086881,0.024904022876152183,0.024978281796634926,0.005425295919743572,0.007706372977307535,0.01337706749542556,0.03412322310446868,0.01052968005495937,0.00540709709242327,0.009927325988213814,0.005398977801232505
0.012636779353547251,0.02156210194580601,0.0028202095367332674,0.015386444809498783,0.011660396635294943,0.023954080483999284,0.018347539404404846,0.0055361128164883346,0.007502608868246049,0.014107072168876647,0.03090652472832804,0.009958987131764498,0.005660261249346305,0.009539025356215263,0.005620675264705948
0.01237685095803772,0.020634312200327683,0.0027220934198566,0.014101770019501868,0.011758761158021493,0.023790395335347995,0.022027543111840103,0.005362845580526934,0.007274953934657789,0.013230954470113082,0.032860046445508356,0.009619986304181977,0.005446025646270971,0.009221788007192824,0.005432416745582733
0.012370158891975519,0.021222803325275468,0.0026348213247915507,0.015874405514107844,0.011715121736893142,0.023220404460589438,0.015760763043136852,0.007067117266814757,0.007826451209154317,0.015417495710003814,0.027672392505522135,0.009755456833486852,0.007458133914673807,0.009237023811879817,0.007348099356457048
0.01231561789295284,0.020307460180757388,0.002631448004207457,0.013768283656196536,0.012061433046515831,0.022845352252491936,0.017375768393671703,0.006938085188225545,0.007868724710782647,0.014092764702366116,0.029352538373416618,0.009573825839968278,0.006760602667001335,0.009481188558867933,0.006618859525844725
0.01300334880773557,0.0250154510016967,0.002683405632096761,0.015946056101590965,0.010708169952677947,0.02245350466586242,0.015317401356149068,0.006730748951657146,0.00729975546726938,0.01494783082643205,0.026863402935738353,0.009009658552476693,0.006763761280451818,0.009713377962210189,0.0066822093498069834
0.012651667807114457,0.022016193141112937,0.002573584607852808,0.013507586268737073,0.011088761282199978,0.022022757582173286,0.01602083699955108,0.006672672186902741,0.007485256354043708,0.013499312756555,0.02847968372520139,0.009111879502057512,0.006340184215656944,0.009253430466690355,0.006253967473508445
0.013374220883945201,0.02218952706572188,0.002449163992434516,0.015100572474803026,0.010674675871760695,0.02185574499832629,0.019047565901353637,0.006485468609425886,0.007274509557093019,0.014139328062561178,0.027327482118645264,0.009300382923051709,0.006492266147299026,0.009028034154632937,0.006466841387989793
0.01271212043603015,0.021088578448260203,0.0029909393198358745,0.013190941783446184,0.010973488479084002,0.021616711673280494,0.02067341090801865,0.007256946134867908,0.007668675386467923,0.013035328867716809,0.0298521731306577,0.009276611338301441,0.00726602639609435,0.009287081358371578,0.007252355971255045
0.01247081790771034,0.02087288655224229,0.0027811334736542303,0.014196230666443432,0.009777325445583747,0.02449687607648005,0.015891489881872178,0.0068309864439379375,0.006901069291997108,0.012981423674384186,0.03404391089025357,0.008405703507525918,0.006804100433082129,0.008952064163314524,0.006725223009352733
0.012084502402509977,0.020249446254399762,0.00271274527826464,0.013134802579799418,0.010334985102887323,0.023068742968067976,0.016435842288087085,0.006557265108446342,0.006923993354855725,0.012243401914362746,0.027741388302525826,0.008478634362775737,0.00649577017285762,0.008684393984025388,0.0064276055184971604
0.011886730861151065,0.019824850390036477,0.002643739051396204,0.01347027692675577,0.00969820085236729,0.02314780400921186,0.014929909816287739,0.006142353984648257,0.00634967123466029,0.014242660969467602,0.02961690653434381,0.007909445001649574,0.00611187224271282,0.008941189426494937,0.0060568934753099
0.011594378020006495,0.019249005564517113,0.002535445279264591,0.012718461789818199,0.00963380489178162,0.022410111836121783,0.014859280604857505,0.005944984168283334,0.006377428421908121,0.012909734228874852,0.02644248845411115,0.007836175764062868,0.0059236961127047405,0.008633024017200721,0.005881217926457667
0.011361443909618988,0.01863394961874168,0.002410330855752211,0.012956109741063204,0.00887988883460789,0.02215050738912957,0.013745719046170463,0.005762790476297757,0.006076821541672062,0.012918888125064474,0.029221257742296006,0.0073589889555943965,0.005831502779466158,0.008450826096998161,0.005790670133749298
0.011506768912471578,0.01844815190432681,0.0023249916564990632,0.012404073236132206,0.009011814049856955,0.021633302087942643,0.014175629098142645,0.005643053895860835,0.006095573699581888,0.011944596232563524,0.02402293332180311,0.007363714963825813,0.005641420911619252,0.008172399932374352,0.005567243117483904
0.011212007025710728,0.017871056920693858,0.002181337671252507,0.012486999051574847,0.008443159789633047,0.021323302908491954,0.016577507050552942,0.005358846352218981,0.005769314701272041,0.012165987915897136,0.026619654600978968,0.006994485503957421,0.005382495513847107,0.007941167346190117,0.00531790485204171
0.011173782840566472,0.017399701608962433,0.002118199480051154,0.012049844080658303,0.008394547623823918,0.020867479615973544,0.013669146214235263,0.00524225496890977,0.005707556864647707,0.011399986099826424,0.029925109708771776,0.007004699627234954,0.00521663538691386,0.0077497099778482195,0.005163293810326508
0.011144181459853401,0.01749189914723542,0.0021653372207380717,0.012339248301514404,0.00873722133594084,0.02068906677618413,0.015132534284671062,0.006144666022096909,0.006251916540410255,0.011620310949287118,0.04201567888779574,0.007445237671663749,0.006444824365290649,0.007793833364593399,0.006326344580731982
0.010955428326546907,0.01683731474417463,0.0022575443263686307,0.011806096334152978,0.008766135947588955,0.020232521646234382,0.014944567388018904,0.0060425923889099575,0.006273807135908749,0.01105703249841439,0.041976076450665485,0.007399846804236968,0.00595157986987122,0.007561834143038888,0.005815124191732876
0.011290546282507358,0.017652873128345258,0.002233097427468002,0.01289679232002464,0.008827406186119855,0.01990329271025536,0.014633454938166108,0.005867468765053226,0.006298789922969696,0.01216705075692325,0.03749380586664427,0.008056713925365763,0.006015520699887768,0.007354589747293273,0.005893816747808215
0.01100775276846599,0.01685114045583458,0.002123899821836466,0.013360293300823438,0.009202988514965472,0.019761219781783287,0.016500696091243505,0.00640210002072105,0.006823412695230715,0.011571973103452076,0.04217560091010245,0.008524765399383622,0.006383215512324399,0.007248914014932812,0.006156871697634946
0.010911704417053858,0.016821685655100775,0.0020269680383239687,0.012509060563976018,0.008564981379239814,0.019280637791413972,0.017919343565674446,0.006175473417606004,0.0067081777856011215,0.011740985596107343,0.038199366159272705,0.008072199539506253,0.006347432807102435,0.007108694318471046,0.006161946485697238
0.010822075546032161,0.017242155980750205,0.002628783428474218,0.012897304959607307,0.008547823366734401,0.019163475713038988,0.01861795548882805,0.0058888562117400435,0.006719400891961338,0.011133152366701022,0.03652452132208232,0.008061749726085395,0.005997227868398838,0.00822401647340008,0.0058307825401969346
0.01119664455699258,0.016904617716240727,0.002802013918680491,0.013122502477037928,0.008443153241982568,0.018695240968366424,0.019981420465283752,0.005669998831512001,0.006547539445796221,0.011469646957138042,0.03431953684067164,0.008052832199406956,0.005804052533960392,0.008108539851393322,0.005704202411383462
0.01123795188235221,0.016444862399901793,0.0027897926780474265,0.012484044788597081,0.008538592625022004,0.018505335570980008,0.022284361177231125,0.005640573095075778,0.006561464164620952,0.011044655986433408,0.032541599325018156,0.007940481816099276,0.005805825987743497,0.008153760371926293,0.0057044945031177584
0.011013312384662409,0.017228444700946585,0.0025978673384683447,0.012594166849726285,0.007901145642112162,0.018107198163696124,0.018382587728313506,0.005404899983309798,0.0059952265747035376,0.011016922967740546,0.03326851552164135,0.007425279667913541,0.005508321600045428,0.007829411873889929,0.005423658506387746
0.010946264788108737,0.01651602433173122,0.0024887103720002933,0.01217745750043541,0.008154741751337713,0.01817147052528163,0.01788266347896942,0.005250058933386884,0.0060109231074730865,0.011052687624684674,0.028638601622625468,0.007318898777445434,0.005346339753243587,0.007672988164139086,0.005279867998589728
0.010957034409964744,0.016314868959514096,0.002323700237932434,0.012148587885093008,0.007879942758521418,0.01852819532257625,0.018100419294771287,0.005147941339133221,0.005584563762489308,0.011567022071100351,0.029726863684396827,0.00698325951483014,0.00534258508367606,0.0074546624948295444,0.005253785427098928
0.010834019148130519,0.016053022400590422,0.002314799534738008,0.01183173662079279,0.007895756957910935,0.017842100342652073,0.015817347771235238,0.005001534874162065,0.005634878166909304,0.011079679212191232,0.02675231430391576,0.006934433694189066,0.0051542686520052615,0.007368841086872654,0.005063461859888225
0.010938380529852082,0.015936022242718985,0.002406139694382979,0.011909660461933057,0.007794170330407398,0.017850272111776005,0.017728508577377643,0.005113151031240202,0.0052967485971078445,0.011092031477177602,0.027055197622890784,0.00678040491040773,0.0053448436811611025,0.007734085427465359,0.0052862116882099255
0.010755156105403918,0.01859079507401581,0.0029718191100037666,0.011552161069489607,0.007830000431027426,0.017467623766542456,0.0145404565745841,0.005035139006759327,0.005338696539045739,0.01073900275513262,0.026927488827432143,0.006709540293658642,0.005135460566168942,0.008249690016460285,0.005068160153775124
0.01070091962606056,0.01685533397649425,0.002786197453295021,0.011793227692982404,0.007493180414752499,0.017386888296473293,0.014864972714724025,0.005041897879905538,0.005274403567555354,0.010807542223932876,0.025579047193389427,0.006452030126861464,0.005364412981245237,0.00805917062969314,0.005265821639365418
0.010568203562323597,0.019297159604285748,0.00270684915492628,0.011403506680181974,0.007610697088910263,0.016982241970628437,0.01379141244685185,0.0050616054591107185,0.0052946589950934484,0.010737866105745713,0.025716505149944148,0.006404840671400827,0.005258938061515322,0.007815105819054731,0.0051297656768629196
0.010476836552935511,0.01756447875743912,0.0026573211864900563,0.013197570763973559,0.0072996382335779346,0.01686371166153971,0.014513588222619982,0.004996198518440636,0.005030681889559135,0.010648880797595598,0.024223658630193236,0.006194625149072653,0.005288991042353634,0.008103611259535145,0.005155390804407159
0.010422280748587032,0.020749742093694484,0.0026058538580671625,0.011537867399507492,0.007940350630138216,0.017221205876529914,0.01670004362065392,0.005224710560523117,0.00526464531799126,0.010842902131385461,0.024113346900533933,0.006467321212704272,0.005618409400619412,0.007975775739668371,0.005511478761501525
0.011493763236563169,0.01998886580492697,0.0026673765432581593,0.012964648903670963,0.008640129871079715,0.016589520944859982,0.01452369996485885,0.005795940041004948,0.005820668824380988,0.010621178306754108,0.02375241246185168,0.007103715959159206,0.006311403852163887,0.008518860783225711,0.006156652189281769
0.011058634337916616,0.019503343824408367,0.0025153899877167134,0.01150086617701212,0.008479164636505254,0.016553450054086497,0.018398968231855824,0.005671915011335248,0.0058784017071294185,0.010935066358112828,0.02272576133412172,0.007019051561916024,0.005925034169000986,0.008112921907146298,0.005758668223973824
0.010965903756471447,0.01893257140907663,0.0024070317626174132,0.013428565270281707,0.00808913078095823,0.016316073810146308,0.01539903065821893,0.005349451571245198,0.005513241084289493,0.013516418370958143,0.023382100433474714,0.006663858378393158,0.005737923261408525,0.007962220790379712,0.005598859784223741
0.010885654214246929,0.018899025066252045,0.0022755186533983426,0.014792817532529551,0.008607611486044709,0.016226652690349966,0.015793259123329934,0.005901024569039734,0.00608123490396699,0.013118816656498312,0.023235096227337146,0.007314936055065965,0.0062797658060003226,0.0077433833428530805,0.0061531250258061295
0.010811727661761885,0.01928132426167354,0.002277984418757825,0.013207095865236558,0.00861577496773263,0.017370357950738945,0.015539458216408357,0.00569345292194062,0.005877365686730276,0.013211682073482174,0.02368178969380766,0.007208324198204572,0.005859701346455737,0.007768015011497178,0.005728065704359344
0.022900554922894174,0.019379296910707597,0.0022438389718595886,0.014121531456144636,0.008740667203349671,0.01638496365756518,0.01580804285103395,0.005394520532525252,0.005830023314205084,0.0140984321937854,0.024940249497614916,0.007210463367269184,0.005587926327773031,0.0076846606238521456,0.005492135153139559
0.019583648190179326,0.018490203857856845,0.002139665941671636,0.012860532542476953,0.008623599435275036,0.016537101526039093,0.021379869427186712,0.005204019636799375,0.005710163522019323,0.013576254782342397,0.028113163730114753,0.007102619377592188,0.005334081451225915,0.0074220812175567405,0.005255433847897386
0.019098206499832803,0.018309071562066504,0.002029824503512549,0.013366808215187573,0.008314984054893677,0.016062202068313478,0.019533128247492457,0.005500760929303184,0.005653186471185386,0.013244070926609362,0.023507802884198955,0.006803925873622423,0.005764775855415496,0.007220471518741298,0.0058254401635456955
0.018036377690486514,0.017637997066933815,0.0022138973416912177,0.012479552290219402,0.008264822323758322,0.016001847447844997,0.016960394504884277,0.005434275374660077,0.005667780770574131,0.01259278062795446,0.02623278950397913,0.006690088257467038,0.00555181596859443,0.007230046378603534,0.005598084538079664
0.017313217002788588,0.017295774680587593,0.0021263457146192873,0.01308130892405547,0.007878730739774052,0.01566094606660728,0.016740159512040803,0.005129203179029889,0.005416732601414604,0.012303166882850715,0.02423225127469591,0.006502511195346893,0.005324865327230064,0.007290040104899336,0.0053606829606650105
0.01638619884171671,0.016828480453529054,0.0022521212995184337,0.012161255310954466,0.007861846629236603,0.015501370697639025,0.015505761128293107,0.0050273399681411545,0.005400872898293746,0.0118267334683616,0.02440051237072879,0.006428683732111176,0.005121658675156705,0.008027993916838068,0.005151071924594868
0.015726751380870718,0.01669530522297312,0.0023208260455188263,0.012502810223552999,0.007482479700717387,0.015300291767636243,0.01896526260573261,0.00514810831335516,0.005327614960236221,0.012152016744252416,0.02356975525794171,0.0062879363939129015,0.005424498865328796,0.008264079511337124,0.005411576972557377
0.015026368398969288,0.0161800296341861,0.002213176295056915,0.011980333965116257,0.007475625839272903,0.015052648238926958,0.014247745919707566,0.0052044773881684036,0.005399695663778987,0.011594777738207501,0.025755745100499283,0.006287585948244031,0.0053306641053493,0.00788811643038782,0.005319007702881779
0.014600268285657171,0.015931068455851443,0.002138259744758052,0.012131486378915302,0.007393106886590974,0.014894523236804904,0.015369276514026706,0.005325495245015506,0.0053198490587465,0.012029383590705047,0.02879969334255145,0.00633235107831498,0.0054960397403694015,0.0077322728295539,0.00546803045814156
0.014515066583795028,0.01577996719894005,0.00218720675485299,0.011682592987762624,0.007475775101468442,0.014924945640730882,0.013512802627070537,0.005414756014250773,0.005362065469807112,0.011441815741833011,0.032171770479445055,0.006346376622984334,0.005403050916465235,0.007768918666875533,0.005392952161042627
0.013843402488768038,0.015383893697575833,0.002146550942520822,0.01183329229290956,0.007202006838499864,0.015120928888164124,0.013879660110727346,0.005430069291285331,0.0054382312115172846,0.011358185169250874,0.025401206756279354,0.00638954641335301,0.00551498681320607,0.007589245618080297,0.005484677321174457
0.013384595759792155,0.015413602896179572,0.0021405514352479237,0.011556929646265505,0.007229056376575525,0.014699344521521607,0.013326406980921048,0.0053460793242735,0.005488592206143493,0.010930504989950896,0.02818444273309382,0.006378169892120338,0.005302832673997895,0.007520329592578919,0.005267367124618608
0.012913874507081001,0.01528566194571976,0.0021681369747439377,0.011605826644421516,0.006966848008393114,0.014618409264627185,0.01333835240639867,0.005048784450420808,0.005251860150454923,0.01085546328551908,0.02474315138393471,0.006264065318254819,0.00511392455237409,0.007462390427049331,0.005084276696631623
0.012669532760050173,0.015260816933748277,0.002056071887225092,0.01133974179231584,0.007136487509031108,0.014344685767180305,0.013119763994316289,0.0053209113997948095,0.005500149466312887,0.01062600695311034,0.0265761939740978,0.006394602281616555,0.00542111272775219,0.007226791544612882,0.005391529743008958
0.012271984737767387,0.014962971414411521,0.001970075882884338,0.011329282673401879,0.00695014588174648,0.014297741270610769,0.013874238495038058,0.005143770567260273,0.005321317397052509,0.010618241217845556,0.026703701766766504,0.006214983425779383,0.005214219591302452,0.007048454309429752,0.005150101422497926
0.012120478529293856,0.015916208037552636,0.0019743474861122962,0.011131127669537945,0.0070224058828509605,0.014585551429856534,0.017916617448090835,0.004957412345691368,0.005254068386415468,0.01044793652159605,0.03703976316451586,0.006375669508546376,0.0050359436949312586,0.006907527844640422,0.004989626358147686
0.01177905312633549,0.01510485866357978,0.002272028539107449,0.011213554304894837,0.006907952438091617,0.01412759164846592,0.014160142021150084,0.004827636812064291,0.00514845906383881,0.010387292862121584,0.050050890945841385,0.00627201340280717,0.004883841313535702,0.007430059267667277,0.004842372960370946
0.011526761228231314,0.015569060461167674,0.0022525698939017762,0.010964931633126469,0.006802146398166706,0.014077301303057422,0.015016428807809576,0.004705104996983836,0.005045313512777245,0.010600762869028597,0.031878405539198136,0.006133249657237533,0.0047677119890187645,0.007253190047660024,0.0047307190307357624
0.01129857255160184,0.01552556156510397,0.0021794427107090643,0.01122679101460054,0.0070779789805989,0.013845973360263277,0.014357358195174188,0.004789315627985124,0.005074120792854337,0.010593237663424897,0.042604276249459866,0.006224199222482175,0.004921508071689085,0.007123097875366416,0.004931164466387031
0.012903591347789898,0.016276266412791094,0.00255472240899831,0.01176575550310974,0.008248175153707895,0.013948309186258175,0.014978198103414084,0.006993903567156917,0.006692376171243269,0.01166589160911375,0.030865662806922566,0.007063059244638004,0.007444958627044254,0.008455518779475271,0.0075370498344669344
0.012440390263272746,0.015726466582401635,0.0024652735214235303,0.0115389017771158,0.008746949853931681,0.013928839058561869,0.016528275495310288,0.007367834618441285,0.007132767605168182,0.012587611983142611,0.03692604381207035,0.007345226817319187,0.007398744298198373,0.007899349238489175,0.0073195836417890466
0.012237538770332908,0.015516040213314299,0.0023746120816727835,0.011474587804288392,0.008333248398046276,0.01382871139097436,0.014326593965415331,0.0066386248429231125,0.00642969883992198,0.012032466029261052,0.03226978926671616,0.007000579575615876,0.006858324242236051,0.007768253494869976,0.006806267663827122
0.01199246316992106,0.015200396729634637,0.00223348117655452,0.011334658666849013,0.00817132775471886,0.013600360303597405,0.014437899862613885,0.006551944611863941,0.006496688566760211,0.011733443360346025,0.031300821544215915,0.006939548793685818,0.0066325667085162365,0.007635628845486181,0.006610418458680073
0.011689622184154876,0.014998185127714758,0.00226219671902624,0.011293320172014424,0.007867137825436396,0.01387812113883166,0.013475801388051187,0.006247339738560195,0.0060710654872382286,0.01132179184470463,0.02820699400934894,0.00675901723245325,0.006423571553424806,0.0074387908806840585,0.006407791588154307
0.011586897105539052,0.014702517564081639,0.0022891648321323637,0.011135294631848407,0.007664170343517037,0.013546104132511078,0.013461658813158415,0.006099205629902548,0.006084789792083488,0.011508664373128261,0.02729172361898456,0.006617284747671878,0.006142310209979717,0.007386787475039064,0.006151606372996833
0.011396870486748202,0.014801093778274956,0.0024725821835005577,0.011153836782866964,0.007447848180811759,0.013775592074843879,0.01321522624268041,0.005663293983090689,0.005653315338200504,0.011250168725223773,0.025133362222556486,0.006409251332933539,0.005797641897040542,0.007502382285331594,0.005800301864716141
0.011195357628335102,0.015584668654855457,0.002386889015783063,0.011011101461601301,0.007448809481633133,0.01340030985040645,0.013280282420915644,0.00558188704029024,0.005666481532737368,0.011082739126674828,0.02447555625575123,0.00639923736225692,0.005633650680735437,0.007276623986682793,0.005640123864524565
0.011013477308884839,0.014855751509303197,0.002413295154066717,0.01099201849821822,0.007302668114072685,0.013371154741298952,0.013270383502122025,0.005286308592247055,0.005361631048183538,0.01092829940211227,0.024001182080501213,0.00626148651302173,0.00536720326967162,0.0073078514982347275,0.005367898905498388
0.010901994056373656,0.015207141813886731,0.002241830443598736,0.010845426199122694,0.00720693778861789,0.013142269251326093,0.013533226871826023,0.005365515125715736,0.005440379742363796,0.010973735013556994,0.02490703493127668,0.006268746791143831,0.005559025836313951,0.007179422915150956,0.0054976569180162135
0.011204415609001988,0.014792164959346366,0.003090792128795463,0.010834262054237482,0.007316832636856526,0.013531053645872856,0.013097308980913857,0.005732155599653526,0.0058553025089214715,0.010805925041831366,0.022427019139474556,0.006437942846825462,0.006275810674600599,0.007791919401806173,0.006162299145461217
0.010932135879191049,0.015214928382381148,0.0028168622612287668,0.010710203109740404,0.007219385432156677,0.01335154884089822,0.01316808514115279,0.005604008340620965,0.005930583294748821,0.010709589018187575,0.023096442022295473,0.006363393359919704,0.005964920802681025,0.007509198334484206,0.005825217476762242
0.01104387766082631,0.01483175138255572,0.0028623572342511626,0.010701778496086856,0.007071330893901594,0.013572177055466659,0.012937544665749534,0.005383474189639441,0.005536370201965017,0.010543333116013695,0.022286802606641065,0.006221640164022296,0.005780157117660196,0.007523661238567767,0.005698588196392272
0.011272808855580763,0.014630254396007394,0.0026559227917289647,0.0108064219019177,0.006967490192841239,0.013186490991173177,0.012935299254092456,0.005352261349101515,0.005540331814727946,0.010428678090905849,0.024444452507325257,0.006137091989777809,0.005553453613758902,0.007353595612807033,0.005464384943371234
0.011916028688870782,0.01665742105813645,0.00272814332736482,0.013065169988907267,0.008925247479356682,0.013200051491748301,0.013152686797615038,0.0072235111882849755,0.0066374591393722985,0.011314513066742016,0.026533534666938488,0.0083581466164531,0.008059557319338271,0.007521606433122232,0.008026854917759904
0.011981364419141088,0.015441317270004234,0.002505766239890029,0.010965409794659337,0.00948154554072841,0.013029740869134155,0.014995296592315632,0.00715497957689284,0.006937035204532216,0.011699060402392143,0.027975440770570778,0.008706769591019443,0.007231376775418617,0.0073031908402695555,0.00710649685034943
0.011773580593796103,0.015545539156969825,0.002469833392289798,0.013182144050460762,0.008686169387299943,0.012879613774536803,0.014037199522538468,0.006381229891824498,0.00619601656117642,0.01142693634366181,0.025264180701890716,0.00798797319360529,0.006842489025426057,0.007110663188380575,0.006767802975783991
0.011564505508389507,0.015311986971918103,0.0022551080342703635,0.011305791323244434,0.008771104923140814,0.012762946325066218,0.013763031298214703,0.006390331121654708,0.00637778695951793,0.01113749586022774,0.025448877874774966,0.007984387276341924,0.006411633558225806,0.00699028519619639,0.006327110003650291
0.011319569950464433,0.014995700640022123,0.002327452100417908,0.012533155911799978,0.008057775865677073,0.012598377185932383,0.013816478537394485,0.005796107440979121,0.005711227024551165,0.010898078790269956,0.023143588200503187,0.0073313274965154185,0.006089755155727335,0.006911256242379268,0.006070141490873729
0.012972484138557498,0.014932506372059319,0.0022379735708719134,0.011255494583235784,0.00840311686663068,0.01252067749731025,0.013463872712664788,0.006226101847866401,0.0061749827667091535,0.010717098545576646,0.023418878290062044,0.007536241026317078,0.0063965874992527524,0.006976404500090112,0.0064120094758676775
0.01221649211170046,0.014591870946420444,0.002279390540683047,0.012503268799760818,0.007949475993488057,0.012402627092791723,0.014979716613752636,0.0058231953497752545,0.005812665522280748,0.010561105069420785,0.022192410664514814,0.007188959087478231,0.005957289524627948,0.006945858503511463,0.0059539328044080206
0.012042567759456604,0.01459649065761593,0.0021878834941920925,0.011212230450866218,0.007860966068541008,0.012272948603352492,0.013795954964503553,0.005640190688268465,0.005748022930708114,0.010461591044227354,0.02258237286768197,0.0071059078648692195,0.0057524968872701265,0.0071197974656723225,0.0057243393058972625
0.011764168176038097,0.014428283025471585,0.002128173291851201,0.012010278880963106,0.007510786226398998,0.012326199241505171,0.013745882762625908,0.005533647550462051,0.0054420686383952754,0.010338405691542348,0.022383985989494204,0.006751539131060013,0.005642088710677813,0.006890040021997195,0.005631346086464905
0.011510550936121949,0.014207330041440364,0.0023517894689943654,0.011612908494316515,0.007521233565850624,0.012113500800531751,0.013343968671912622,0.005391748050199685,0.005417171207780354,0.01048761601606723,0.021841886380083605,0.006714052713886599,0.005491965299034802,0.007314703299495224,0.005436682198997142
0.011470864581546957,0.0140165957860683,0.002251162776669969,0.01182467974084953,0.007261560981422455,0.012781697168010822,0.013220613828863076,0.005137115789850452,0.005166083633110378,0.010323140464195295,0.030360592506761642,0.0064291611318490136,0.00525175209998795,0.007138496460558442,0.005210388521859593
0.011454080785920535,0.014218700055846406,0.002164010675169077,0.011526764140521825,0.007359853007432902,0.012305260221508886,0.013318001814868762,0.005237181668457923,0.005241934501688206,0.010366486531952981,0.03936114113363183,0.006628471992241733,0.005338521876304067,0.006991992279120982,0.005321201172835235
0.011284263868006001,0.013865868977127056,0.0020442327996680223,0.011657048901012703,0.007213863435875254,0.012400757045464506,0.013023934656431854,0.005095308998302365,0.005078856372546355,0.010221140686952603,0.026871043581083845,0.006448602455427149,0.005174546349468682,0.006807836269788216,0.005134950900866511
0.011156381466466924,0.01378046776562716,0.0021338324234734486,0.011405803360484102,0.007081179146027777,0.012149556156288363,0.013486704451695522,0.004952252135529377,0.00498850401150981,0.010209905979408608,0.03269576880829883,0.006335183112767081,0.00506617099491433,0.006735164976189015,0.005027309198241291
0.01100234240154038,0.013616037383686054,0.002016279375258311,0.011372253816457392,0.007022934040016316,0.012089723296412528,0.013071478003682541,0.004841183808760088,0.004871059620993998,0.010181143649188961,0.025709966373711354,0.0062086466169877005,0.004902228171274938,0.006674323471949516,0.004866646884075534
0.011667726357939112,0.013530222657592086,0.002244168128597582,0.011227329961174084,0.007127634242606391,0.011972175843333013,0.013270446795423878,0.004794793210001527,0.004905183194481771,0.010150692244533792,0.030755843596221192,0.006391538350800891,0.0048608624018095835,0.007027983933689613,0.004838272916095413
0.01126281811585932,0.018979731992738832,0.002211600379109564,0.011137948590273627,0.00731187314228324,0.011865517034220632,0.014178126882758128,0.004989222316753868,0.005033039760482325,0.01024779095175284,0.023628391526426616,0.006574935081279788,0.005267853640545472,0.006895853231898344,0.005204724502236847
0.011367577386434175,0.016526482681390193,0.002188760359060598,0.011051124135930457,0.007352153460096509,0.011817409396621101,0.01317174604282975,0.005689451621120194,0.005355276846372089,0.01035504956444219,0.027877920834100504,0.006659024647926777,0.005985291309225474,0.006760515966939655,0.00598431617101255
0.011184833393996167,0.017303661926988012,0.002056339841291238,0.012433968091663899,0.00771653914137618,0.01551724450425409,0.013916799829989572,0.00624222554625489,0.006037770795194816,0.01055922565110883,0.026044889512919805,0.007020184509866589,0.006592441480052408,0.006637857665956658,0.0065516067430810435
0.011197348856272209,0.016464366737301332,0.0023430512509485493,0.011075293897382687,0.00768128746986942,0.013820925765697394,0.016361289565389583,0.00607419455716597,0.006022036568643451,0.010418291280092508,0.02912464396407897,0.006925008360723173,0.006340425899892399,0.00746753630341975,0.006261584761785952
0.011121989311302394,0.016249755496236532,0.002256291287307543,0.011921353433090469,0.007366693638667122,0.014511983086095965,0.013878737783501207,0.005871385704341054,0.005648050563381489,0.010630035315753168,0.02364616810874093,0.006665320102211389,0.00608515422296474,0.007193740918802476,0.0060594877712780324
0.011584313520460797,0.017111843229693783,0.002254199695122919,0.01105881611349577,0.0077461470731863035,0.014111696732568268,0.015800061276563703,0.0061441241935472745,0.0059905413912143615,0.010628102289678166,0.02584384168035703,0.007023310404064579,0.006562437660603702,0.007099390039282652,0.00655434244609714
0.01126544277809058,0.016229980958337293,0.0020840259122540277,0.011544767709294525,0.007600988412062602,0.01403555556846877,0.01521803586643871,0.006059275585476025,0.00590798758831613,0.011510903649924038,0.022750647057185797,0.00689557397460147,0.006340718560311899,0.006881498137865919,0.006280614757386576
0.011456532079994683,0.016789641037330966,0.0021011914470370585,0.013437173986973394,0.008406057704784621,0.014389708757769674,0.01448982181279869,0.006813978128268905,0.0064291293007787366,0.01249836903568229,0.023623728985049594,0.0076750490146754845,0.007422654377026418,0.006859073345448184,0.007322166334285718
0.011278550108495275,0.01618438062536821,0.0022608455777420574,0.012088314744370738,0.00866086912374241,0.015438100751939346,0.01628617339919263,0.006992887509091977,0.0068127113249257165,0.012023855140226579,0.022250411123383215,0.007962407225048266,0.0070948128942998345,0.0075047544305336476,0.007008625132559537
0.011380335702713724,0.016144193006313187,0.0021647357879778675,0.012760915905491515,0.008157023553933171,0.014562161253942725,0.014404813101907343,0.006430443277054355,0.0064527686672659615,0.011758995267674712,0.02308092502389512,0.007488917646425248,0.006645068802361438,0.00726667061286976,0.006577028078710919
0.011114272394818745,0.015736141468620495,0.002066603294572918,0.011850536020651177,0.008305684573968899,0.014736229001696008,0.014365703786561662,0.006155771201838914,0.006324924211964872,0.011508226009851097,0.021979494470629704,0.007561971758391336,0.0062233491132141746,0.00707039305267442,0.006169418474252478
0.010989740583746526,0.015918198230002904,0.0019982081604099024,0.017521418731047775,0.00788750908331898,0.014435012592226746,0.015169772026975621,0.0058005589868914366,0.006036776432824836,0.011248827874363489,0.022835055167024623,0.007183016325017391,0.006024032548979899,0.006907596453579893,0.005960075740433097
0.012657265824991968,0.015372028095479108,0.0020322152024270486,0.012661647119570687,0.00831613300245848,0.014317162576449802,0.018369750722276725,0.005652636925815963,0.005938882728895106,0.011956817399819488,0.02284459958935982,0.0075340124884572725,0.005733092145559723,0.007138193336721565,0.005674694952013667
0.012065349692441557,0.016176709596714738,0.0020046483752894024,0.016011255359902304,0.008090171347338991,0.014087508389271409,0.01727671649646236,0.005328024054010921,0.0057660227665965545,0.011449721641496458,0.024931460421472186,0.007310997036237825,0.005463648303895658,0.0069996801771381335,0.005417251982019271
0.011950955352346568,0.015422232063969296,0.0019628464082847106,0.01327539552966245,0.007798861646173168,0.014007094450441411,0.015462913237758454,0.005234602564477175,0.00580516938609401,0.011414751327141266,0.026096169952636476,0.007142373692076298,0.00531545905148504,0.006802128999810187,0.0052636600551604
0.011757063222944193,0.01552791880799831,0.0019162677939991502,0.014977924030656859,0.007624822400040981,0.01461083883216885,0.015573092909612778,0.0050104086092133725,0.005724462519690674,0.011159012481833786,0.023064513764450335,0.006992424288314631,0.005106559600730292,0.006782149666442554,0.0050611754831558255
0.012627712487253482,0.015575751171314574,0.0018385124935758398,0.01313191459969553,0.007462635189133665,0.014089856845411718,0.014772935103439284,0.005042387119163893,0.005518035045366925,0.011007612417898835,0.02387425774443148,0.006753495373541319,0.005120596042195292,0.006576467595593939,0.005096003188091462
0.014973484943369496,0.015323780755985165,0.0018812886970013354,0.014310776594659253,0.007458683542540037,0.015175047966618173,0.014360820614770429,0.004915022266865856,0.0054739391552735325,0.010749467052700072,0.02214129679092861,0.006656265777625835,0.004956063803109654,0.006614521001565882,0.0049197306906077435
0.013951811742238952,0.01565317204173607,0.0017951225180294205,0.012835561193001603,0.007265502815719213,0.014259290276467966,0.014113717796333056,0.0048100269730528165,0.005195591099406204,0.010625485097551995,0.02306685869656979,0.006470793703994475,0.004884213393836429,0.0064035823054799145,0.004885569488752445
0.01372629867844787,0.015513991699965257,0.001736053763513355,0.013537137172163942,0.007164681568206004,0.014456107424951825,0.013754744718429066,0.004706520572041541,0.005196305177336369,0.010482230691058502,0.04968724087914533,0.006393377274102624,0.004768565946571905,0.0062755592025669485,0.004764449596897902
0.013384234489180396,0.015156833254094084,0.001669271185788598,0.0124781399399921,0.007061986994738748,0.01409031200273007,0.013365846763504169,0.004665381284642541,0.005014235431938934,0.011586274054758783,0.07407578570362659,0.006229780499992395,0.004838537854228598,0.006129534184146483,0.004837503807729059
0.013610057025985918,0.016224861583863638,0.0019115549418488851,0.01289075817800192,0.006982542538909866,0.013995096576193324,0.013227090303299391,0.004679232079174893,0.004988484886105655,0.011049554799176691,0.043378582398637455,0.006188999413995312,0.004836826593746162,0.006378656169688235,0.004817649158105556
0.013066330504885879,0.015775369580330767,0.001781793013153248,0.012194142249005564,0.007012414054606856,0.013755004429938265,0.013039350650104958,0.004870362371902467,0.004925045477584746,0.011028520101824727,0.05927317114741787,0.006082676901356197,0.005131484395697571,0.00618927879437443,0.0050416193030973075
0.012708716392956752,0.015586130840133463,0.0017791291674456441,0.012471626462429063,0.007210015304452091,0.014243383350463233,0.012984613707169811,0.004814988245015126,0.004915925601088151,0.012798498098043136,0.040816216389800486,0.006142223971093957,0.004986884800720352,0.0061576680710775785,0.004866951518899699
0.017556077538125138,0.020572714861995148,0.0025262365212756137,0.014693355306880887,0.012607840864514467,0.013981664925092296,0.01610099247610058,0.008935223252181122,0.008271194456958765,0.016391129248581986,0.051460111683661054,0.011270057520808913,0.009571847908898111,0.007303296756622541,0.009575236549146821
0.01642746927986179,0.019827598450945352,0.0023289567094986895,0.012670870673157841,0.013427690509609989,0.013832450730423183,0.02768391797880801,0.00901199558240346,0.00897005137794938,0.01474540644312873,0.047197884529744494,0.011852701895420896,0.008486574590300973,0.006810206222672641,0.008325843906171974
0.01578043258057652,0.01999148693867195,0.0022869583730896993,0.013825029854508461,0.0113897933187769,0.013750185394070904,0.02029721305716855,0.00793192306114224,0.007653889065727584,0.014495463162103128,0.044673943072556364,0.010327109749467007,0.00827289059764254,0.006742118613928114,0.008157156257354725
0.015083904068446494,0.01979762842969289,0.0021297259753522077,0.01278522190405642,0.012240277022251585,0.013806703011001467,0.019985475778307518,0.008078534517210852,0.00824909445586266,0.01379269178573639,0.03937343480308688,0.010719330023443498,0.00777912445191475,0.006593495587621422,0.0077282914892845824
0.014454517354499916,0.019224168684733742,0.0022290280653922702,0.01328400462323281,0.010646503409735063,0.013788136712723675,0.01636764766482918,0.0070857369797056305,0.007176991781068505,0.013428360833551905,0.03744108793054459,0.00951775532141478,0.007214198943588506,0.006715328578105096,0.0071588809093517565
0.013950088923786132,0.018987663083009733,0.0021627806251745567,0.012609502058781329,0.010913871447992702,0.013523096260309043,0.016388266689001854,0.007010422415317786,0.007436726526587024,0.012580681407578578,0.03348668303488211,0.009517520464639608,0.006740854444229215,0.006676104368804026,0.006706178256315162
0.013421760534023353,0.018309364382516534,0.0020994304532365514,0.013573334632730487,0.009946331659498934,0.013425818784926581,0.017346270533606788,0.006364125025250836,0.007040911968553569,0.013002936637770577,0.031467673393194964,0.008990429986576723,0.006532844647808728,0.006478573692029049,0.00649602682528561
0.013003160065379705,0.01783065713002168,0.0019608943361953024,0.012317996707378152,0.010147619322082859,0.013267867991839316,0.01688265235818707,0.006258413872496238,0.00713595134568683,0.012232156063078616,0.02929924475939123,0.008928095254772886,0.0061292341377867255,0.006351296058481028,0.00608810130123555
0.012581477159570592,0.0174913390450392,0.0019672590546914743,0.012905405183387599,0.009045495494364047,0.013113235945413405,0.014843024891166661,0.005706763446861832,0.006354395832064129,0.01220915590180225,0.029257503064869735,0.008089687284956385,0.005846318856745242,0.006359157234208316,0.005822337805015814
0.012492726747696952,0.01699470703316601,0.0018401741830560952,0.012538945776398382,0.009329482406264173,0.013389389323327614,0.014632618290536935,0.005662431180848285,0.0064287378910493674,0.01209055864283368,0.026933669150650662,0.008052508933432114,0.005570242745252609,0.0062167952001675915,0.005548408637111596
0.012091760818347235,0.01813448572852301,0.0017982717922774435,0.01241191026798975,0.008536543276718132,0.013020109705430737,0.014376555830392575,0.005841859013847875,0.006099530876446582,0.01180774357913661,0.025895327319041476,0.007482303660284076,0.00615660832036396,0.006078902140170438,0.006120427633310638
0.01268305402466829,0.0315168056742006,0.002041336595514327,0.012372663530561115,0.009212504624722263,0.01297684114430728,0.014045546692945882,0.005903771812927131,0.006559862780937163,0.014165422415140105,0.024341223274274064,0.008295945101833391,0.0058365914471809575,0.006848978283561329,0.005768511173156298
0.012765951885173585,0.0253414648763636,0.002016751991042575,0.01226712689817798,0.00872974051831445,0.013028883127754673,0.016362026278663764,0.005477074915607496,0.006130840412363308,0.01315808757165685,0.024935700475237264,0.00792449946834038,0.005602283673450904,0.006705491615418459,0.005550045187544066
0.012323801282410713,0.02653403046192022,0.0020238693261893513,0.012325518662450331,0.008507673256056647,0.012805398927283773,0.013558278408660453,0.005582911981162898,0.006236564400321585,0.012982080932971955,0.02543495209938136,0.00777450298135827,0.005636445507540978,0.006713640562906924,0.00555143833724692
0.012109733693507107,0.0245496187882087,0.00198005303260598,0.011994401509502864,0.008149092091699686,0.012709760599826161,0.014762815450075038,0.005274167310424872,0.005946157705125751,0.012179057150961776,0.023295263562988597,0.007571968790085874,0.0053695822639800665,0.006647014283471331,0.0052893431249409475
0.011858736245154761,0.0239943951490921,0.0019202444983787903,0.011937798487416069,0.008000480754536871,0.012670354002259819,0.01350502595598348,0.005147288310422369,0.0058068907278233895,0.012333737787393516,0.030020387031355126,0.007235421439703021,0.005165571745576643,0.006502412657435905,0.005103308930536227
0.018485051753529595,0.027917262133501576,0.0018577913906832443,0.017144705738819318,0.013192881161065461,0.012717044426204933,0.017964030813394205,0.005027136683683752,0.00725262374398128,0.014802896806244734,0.04132993190965679,0.011700138087455049,0.005097687615657995,0.006357452590260214,0.0050173867631827926
0.01862487918659287,0.024844857531650905,0.0017859156547219302,0.012793188343312596,0.014127218872274718,0.012487640689477518,0.02751004644695869,0.005064048540937374,0.007614112815181774,0.013986260868939194,0.04028078340652203,0.01205333983971922,0.004946243517215332,0.0062094821030289635,0.004889644707094632
0.017637886489410923,0.02470716730251504,0.0017083498870738454,0.015933734017271745,0.012193566117171612,0.012419383352201694,0.017523610825247036,0.005279014512852769,0.007084326801497489,0.014209389196971067,0.03400793395501814,0.010774685782985296,0.00512011894259728,0.006073577691877667,0.0050759912628951884
0.01717509215423561,0.023703442060215085,0.0020821710812716616,0.012825849436642283,0.01294216916834624,0.012269209450355806,0.022214073762585187,0.005216995810115266,0.007228393492477761,0.013368379071999684,0.0333333793101685,0.010976129282434606,0.005012203984542309,0.007404011559997548,0.004950505346524328
0.0164119852325748,0.022978059903005135,0.0019676190449895775,0.015076209299250519,0.011388424204637426,0.012191587755810746,0.01553280644666042,0.005082747956381416,0.006542576528301313,0.013245845890694078,0.028890998105676028,0.009878381886893316,0.005016288175945896,0.0068740170936336,0.0049797438009189406
0.01652861630839972,0.02225321482584069,0.0019575276142806647,0.012700823123223853,0.011682823153556234,0.012062111719354394,0.017167031589548645,0.005067707728845723,0.006646784831364328,0.012410336896489002,0.0285238395785145,0.01003093185691862,0.004860798772606923,0.006799957196610778,0.004821277828931093
0.018148539038534334,0.022313658845978288,0.0019070932669963089,0.015193190627176514,0.01158842709527705,0.011987698792333903,0.01511691597598408,0.006028430289972061,0.007010592927002275,0.012887999778383336,0.027370483489037634,0.010556517478311994,0.005752167933216549,0.006613053277464496,0.005701756051052499
0.017130564322652933,0.021254199696777398,0.0019131078296133154,0.012858584305574218,0.012365534383395998,0.011876190406491835,0.01782323342078561,0.006561383066255894,0.00762995975543776,0.013299411665313891,0.029169602376893356,0.011041884621819582,0.006346504008828775,0.0069457927044246385,0.0062540765874350614
0.016383416167988024,0.0216362005099529,0.0017967768767324197,0.01452014267658385,0.011046226595274843,0.01177218537391685,0.014629395174259614,0.0060959674627344895,0.006980844751313578,0.012793540499991768,0.02477287637727705,0.010352479146883635,0.005927991080077438,0.0066690593501470595,0.005836901095738285
0.015590392836274836,0.020508377712556928,0.0017551154226932725,0.012661775829488959,0.01119354683054505,0.012489702984245656,0.01664788548920295,0.005851809266518476,0.0069938783086412725,0.01227658567406125,0.026296745515507366,0.010229059776947188,0.0056690964716554874,0.006556905862761555,0.005606583973039105
0.014914860115966398,0.020018894628847345,0.0016562173481880634,0.01398299574350145,0.010144534046220002,0.011995462265632502,0.01425456100286313,0.005503779282164032,0.0063371812559852025,0.012734361885271576,0.024959540897810294,0.00921165917457829,0.005400565076520963,0.0063862871355048045,0.005356845475797927
0.014359695976800814,0.019683819150178455,0.0016578049873071596,0.013523829976741553,0.010625360499065584,0.012101140576311615,0.016379499261305802,0.0053246345380429765,0.006440281160044003,0.012725641890530739,0.027957349492593236,0.009331148915460101,0.005185753175461447,0.006333758820757806,0.0051546170512627495
0.014859153184218406,0.021788021717467028,0.002021799826499415,0.01617481104726161,0.011557666518233867,0.012457866475141388,0.016257679689469288,0.00599187231967721,0.007276938530065062,0.014425547974743822,0.026350971685657566,0.010949929782557289,0.006370826719644478,0.006899299280258491,0.006344386481210826
0.014745332597707774,0.021263142390290896,0.0018846365662782555,0.0140484380221766,0.012427566063397082,0.012060684520140983,0.020770925744252024,0.0064560479411158,0.008158768120578318,0.013511308760478645,0.031750234163111846,0.011950509616455805,0.006850975939922788,0.00661940046131074,0.006783433435502022
0.015171761027971862,0.02286885823604588,0.00200377322515136,0.017515810681128775,0.012852647789171374,0.0121686815321452,0.019469016970415705,0.006796081485987553,0.00906915181410659,0.015262854631934768,0.029356140419089297,0.012643579498239315,0.007641841761345325,0.006920984691261042,0.007558317469803253
0.014311791929832188,0.02115347349739012,0.0018790663492449147,0.014302676575827233,0.01309092769618434,0.012004586711568154,0.01955166011672694,0.006542860269828783,0.009182022227592446,0.01387531222717444,0.03222890951928108,0.012456309787962028,0.006984459125492184,0.006660863291320747,0.006875541073267465
0.01391603217657474,0.0214454403482499,0.0018431769403269805,0.01665845197686389,0.011968966370716934,0.011937390297564488,0.016680808859650557,0.0059937849326750356,0.008172778461042812,0.014496087374114619,0.029183190333209885,0.011718427001879535,0.006553547115730984,0.00658125994989617,0.0064935572736811034
0.013380118342219556,0.020391870740703325,0.0017304700015054126,0.014681753959791979,0.012672507122428853,0.011794423758853905,0.020280216544615755,0.005839153615487955,0.008371870728475462,0.013916724254970014,0.03338700067966277,0.01204011579226548,0.006172953154637124,0.006400120035098472,0.00610043074340622
0.013485729378966556,0.02032790908639795,0.001916682740583321,0.015625103368298244,0.011690357241785087,0.012205121778067825,0.01746231982733206,0.006646552071019397,0.007990245401524427,0.01394505423039386,0.027530730682521078,0.011305928060136304,0.007316600688904356,0.006699348589848666,0.00724657056161661
0.013249258883918378,0.02028346303877661,0.0017738992746070446,0.01484400199823878,0.012419331994735607,0.011918442417057291,0.0184109216870435,0.006779982844239832,0.008542751350878338,0.013652909340987658,0.02896569596924614,0.011642559191231973,0.00710061471631496,0.006653242003328294,0.00698582057800606
0.01286866137518024,0.019514522215250442,0.0017610641526650541,0.01512269590609453,0.011556504257366129,0.011893772761066668,0.019578261114844536,0.006162631534498959,0.0076790918022045665,0.013353702221043342,0.028585844022092712,0.010699617562721205,0.006608174121246824,0.006472108993067264,0.006514266661475303
0.012473117074501773,0.019024584438398474,0.001668153100297748,0.014174266325244888,0.011360397632200828,0.011727541501610561,0.018313272572220554,0.006018430025704415,0.007621329690909862,0.012607680905354739,0.03173883300294389,0.010381153053156861,0.006238781533763817,0.006341662872936163,0.006165831359666211
0.012120592687370984,0.019695597322845614,0.0018284512444481304,0.015069421839014694,0.011062175758404626,0.012031512293937412,0.018829984711128303,0.006054226336720183,0.007418837227614316,0.01355158320908579,0.027824359319670672,0.010185158325242003,0.006556456746416405,0.00650005453549584,0.00651042612839716
0.012583117345432165,0.018569618795285677,0.0016998879149312935,0.01365599150095528,0.010993602029077757,0.011745746054620415,0.022227013740330676,0.00596849752190598,0.007496064578358933,0.012877029109386193,0.032302634900779635,0.009996714080834253,0.006098934870788331,0.0065298688224521804,0.006038751247561495
0.012321993303226208,0.018568508484380707,0.0016890181370347722,0.014399483211694037,0.010303354663016089,0.011743803790816854,0.015987306953533172,0.0056535523393319775,0.006887173352682348,0.01349051820379656,0.02641757821170389,0.009342012056346249,0.0060149591024294706,0.0063370280076756776,0.00596378477249444
0.012004437135377998,0.01793373723851053,0.0016373041829869266,0.013205913340067179,0.01030196384884123,0.011801684963123584,0.017223212765275386,0.005577709786729704,0.0069912135416743,0.012746421063509922,0.029582634165272844,0.009215965135733927,0.005685754046681508,0.006251383744664654,0.005628799086545474
0.011729445891655348,0.017588231056317294,0.0017951478970406529,0.014081656653965238,0.009398299672447407,0.011597403988861148,0.015305151887227085,0.005202767843605846,0.0063402821930149955,0.01252195600853745,0.02416289886241403,0.008594271619507137,0.005427762153572619,0.0065916135250953245,0.005382449991247812
0.011589713608509022,0.0175475999558277,0.0016666569280350256,0.012936303139987409,0.009547990980185524,0.011606791380356222,0.019991046948419692,0.005389841286432876,0.006651056199862967,0.012077607595391109,0.02620078665774106,0.00868459483423971,0.0055696165455368166,0.006316108487468013,0.005517296210446453
0.01152244676785918,0.01699427086809528,0.0016619522633004806,0.013347162067027194,0.008798733211366016,0.011499302812671546,0.015197200006480095,0.005145067400708768,0.006113289288152991,0.011893221429734965,0.022945787767770544,0.00798051142963028,0.005292504746637217,0.006256237485685134,0.005241516852088165
0.011282238944556884,0.016631871463808828,0.0015943342442131323,0.012531757892435713,0.008818489535108278,0.011411679956385362,0.015949519391697663,0.005020357466026073,0.006060273659439143,0.011705784535244068,0.02419680769136876,0.007867454660319415,0.005161594986034624,0.0062161554787750215,0.005111595788210158
0.011691998831917596,0.016221361402719504,0.0015883181546672415,0.012801932925059593,0.008314787685684057,0.011305824568185446,0.014128492404802896,0.004876934198804348,0.005647365412316796,0.01149971342798401,0.022080738353459795,0.007439261813211683,0.005002232487535705,0.006158747703359415,0.004965050982812806
0.011364692959797973,0.01590670790473408,0.0020615685076848874,0.01630141572392925,0.008295245789919456,0.013541822541712463,0.01552125325080044,0.004788756395146823,0.0056717656735410325,0.011437669602871212,0.023500138800462925,0.007454428931248281,0.004902002043907667,0.007095204125857375,0.0048672140304427
0.011239508016694173,0.015838507255317626,0.002084592946358776,0.012932429892325747,0.007863763321141857,0.012209068661511481,0.0138430569658335,0.004672058204688876,0.0054451093025984845,0.011190010718420358,0.021568752604561387,0.007076232888015002,0.004782855746835649,0.006669086263458122,0.004744621102338862
0.013182467082296319,0.017538937173370347,0.002060886308593273,0.015858350997793456,0.008768705832912468,0.013111720898229677,0.016016185398474155,0.004623600217763497,0.0055364956708392685,0.012052211022494503,0.02457592980986738,0.007438193973272369,0.0047430313548797185,0.0067149951799073205,0.004733515051233993
0.012711393076481017,0.016299000089091988,0.002031619994627931,0.012981392591856744,0.008677251216311748,0.012396635496549785,0.024263859925777953,0.0046523463703008585,0.005491777574091123,0.011486383093477522,0.02657809340743293,0.007198217469348237,0.004724407905681006,0.006713461834353147,0.004708793170449456
0.01259655341617053,0.017144512784991527,0.0019454478668235941,0.015553711447940908,0.008527778406991555,0.01266805580196893,0.01776150571355038,0.0046215179076801675,0.005595065234565822,0.011577189521919804,0.023735247594508676,0.007190239978873461,0.004665526857718156,0.006513006716766265,0.004650718228808232
0.012441952466444795,0.016312488287176036,0.0023314875757363684,0.012845935842396934,0.008597406904276732,0.012355086655035527,0.022538394378700168,0.004567436199698538,0.005407364087314535,0.011126888966436226,0.024938467290695317,0.007018123539012073,0.004616307732400899,0.006675984118847234,0.004602673484637289
0.019788963641106674,0.01721511624142734,0.0021635953080557805,0.014448553087579133,0.008081954705536236,0.012460464383052787,0.01566671328432729,0.004511276238073374,0.005276792372120982,0.011236331730991216,0.022512155573795368,0.0067629620808844736,0.004541348548288801,0.006434016199128093,0.0045255808822906324
0.017811984036401284,0.01687344877741346,0.0022232412888730057,0.01297065613290458,0.008202095359756233,0.012194241272994183,0.017342952795399068,0.004539228266138406,0.0053238770152074285,0.010868077924593595,0.023124160706304065,0.006850993568311018,0.00464951622038193,0.0069639079402422956,0.004617130211862013
0.01723149240648047,0.016536435515829864,0.002137245844989725,0.013726857657148959,0.00781892492042363,0.012166699734188127,0.014618378022311357,0.0045157610057972595,0.005254315001675174,0.011041008492224584,0.02178707224366691,0.0066653342472396005,0.004570562853249304,0.007059242097565468,0.00453314438964644
0.01694927850397077,0.016563814027392515,0.0020757907811764383,0.012605255072474666,0.007937724162422843,0.012027101829688658,0.01567858269761306,0.004453256064727105,0.005201219302247845,0.010840184469731968,0.023049857777631733,0.006742356927595025,0.004526761339081079,0.006808582456585967,0.004486801305168942
0.01614307890242224,0.016115048182186054,0.0020076222860038718,0.013064864339559078,0.007689761872396132,0.011928090048660798,0.01665830915047619,0.004634115414054597,0.0053258774661118675,0.010851891164937169,0.024401303830474425,0.006698949683349136,0.004701995358900739,0.006730057350337452,0.004609226488030665
0.015455905937562074,0.016145591380554394,0.0019493482601232516,0.012393372772722773,0.00754028517420389,0.011888112503475802,0.014512562776560616,0.0045839168495230755,0.005159858858707118,0.010779249179410075,0.022833481361008327,0.006526140785604333,0.004606824354329022,0.0067217365479028315,0.00455659190996359
0.018937263689461525,0.019671265881108724,0.0018993616335681732,0.014139864937344704,0.010668535606163083,0.01186701185670523,0.015721012976031054,0.007281334686343135,0.007930145134694344,0.012238357147950135,0.02633393059129073,0.01031414135246998,0.008037064933998823,0.006957926780245107,0.00791450926160555
0.017648259047970266,0.018017055818744628,0.0018448396464119873,0.01241933142151339,0.011388854806910941,0.01178416908165639,0.02101271445636148,0.007260774741584291,0.008367665353587512,0.01263795732110065,0.03396391556895455,0.010693001115422627,0.007138974089102891,0.006677170779855469,0.00693874090596377
0.017497903595970053,0.01988000425138408,0.0017795288830951854,0.01366173184240015,0.011151000072793921,0.011676082900053474,0.015347266719133746,0.007326370133630567,0.007999514320742666,0.013251114786310494,0.040365228237778224,0.010310624682361052,0.007798643004461535,0.006702033865187533,0.007672717950872281
0.01674206157400068,0.01855226040840585,0.0018371363711630678,0.012206395155138421,0.011546112020057063,0.01157128404936673,0.01963754333818312,0.007322603209870648,0.008387924829968248,0.01243087251735959,0.043180607849508716,0.010363069873648854,0.007105486883401884,0.0066005817057162176,0.006952943207764787
0.016009184921827676,0.01832469585786606,0.0017997911257717975,0.013093946338323394,0.010013448653438171,0.011927994475289893,0.014358318239183187,0.006385390731781605,0.007131345025598646,0.01230629356648443,0.03392378340831756,0.009116516583974036,0.00666164079361306,0.006508609618210748,0.006546696829163672
0.016902522598061326,0.01986064178275356,0.0018417652998438355,0.01366347823224526,0.012581860000815981,0.014652144303881898,0.017094707799583393,0.00886853418168336,0.00972210923815776,0.013595693864505553,0.036551058387775524,0.011972398771500144,0.009591934470298928,0.006688878388658465,0.009562990429025435
0.015786913854068642,0.018586035834906298,0.0017507829447561535,0.01271498973858868,0.012031270514416373,0.013197251392315186,0.018981326079261354,0.008490478828421135,0.009438552405356307,0.012727730412832827,0.030973875333811452,0.011459803274823297,0.008545195694628754,0.006440428632499032,0.008433816435721688
0.015184673987110282,0.018314901278564787,0.0017062490258952917,0.013210068940568172,0.011198234099021445,0.013752354393869636,0.01500640669088618,0.007627271867515522,0.008527868475409327,0.012624227524769074,0.03107385185850808,0.010478706924668919,0.00792962431238729,0.00634827161118487,0.007871722331738527
0.015374575055784595,0.01894764312178118,0.0016913679235578854,0.014239633835741174,0.011803937260107493,0.013401449366466669,0.015755838387033726,0.00818832201849517,0.00916763880449809,0.012871481564069644,0.028446872640442815,0.011232770816495334,0.008417893488768929,0.006287993746040629,0.008318157440052541
0.014520037385025476,0.017984534969576155,0.00191972746498661,0.012849528823733707,0.011403499598931287,0.013342615840203737,0.015789236857747253,0.007830518847554044,0.00892844125080703,0.012624294092212718,0.02847318339041087,0.010728635106576593,0.007893374081327708,0.006428739649085055,0.007772686790924188
0.01413022820715341,0.017891013950294597,0.0018764870805247458,0.013671055017015647,0.010577460977257092,0.013249279382868084,0.014783301323407542,0.007348432177566625,0.00844742764279608,0.012113578561445721,0.026236576143153337,0.010084991893995041,0.007432105983617742,0.006300396148319763,0.007339531334956076
0.01355531110419424,0.021598874944405044,0.0018629724060471023,0.01280299439641411,0.010236882041569171,0.013055847791533053,0.014892799660843756,0.00687798118064619,0.008008687555079696,0.011742181076795335,0.02558532815312728,0.009620326855281134,0.0069132733698463265,0.0062516492076082975,0.0068292733370168765
0.013420119596456252,0.01952059197380919,0.0017563658497989395,0.013070844341251699,0.009570678685142532,0.01291684765631949,0.015071734288697378,0.006400642390861854,0.007483813120029468,0.011379728069344912,0.024307068529592715,0.009040242993831138,0.0064665952680265015,0.006092088636717604,0.006394861261996235
0.013141865114700753,0.019647138353465838,0.0017470841418497855,0.012659527822977983,0.009337408721247576,0.012808941942538454,0.014224992792011113,0.0060572911539316255,0.007170067577546518,0.011138134659859826,0.02341886831450563,0.008666971246952234,0.006075807311574415,0.006039604967605666,0.006018035883973645
0.012684807123872743,0.019465519915562845,0.001650385522511587,0.01282197198336811,0.009251744930944888,0.013797785929156998,0.014382255980096393,0.0059146800944148755,0.007162965665935554,0.01177059333732913,0.022634602677330765,0.009023374941387292,0.005989958143027461,0.0058962280467557086,0.005980604793048261
0.01234462918430959,0.020146756215811867,0.0016362305969936438,0.012896317946415208,0.00943411752373654,0.013166162418590454,0.015707860666550468,0.005925032688854033,0.0073183766202561925,0.01176862190229087,0.022629828317430642,0.009406126332044969,0.00608156504061831,0.005847798882910565,0.006048389129097494
0.012007119210022699,0.018961764586083254,0.0016787018457784077,0.012485568103329927,0.008943882057895041,0.013809814433420114,0.01582990849940697,0.005643356868678908,0.006878196567534668,0.012376860309756826,0.02304304559808155,0.00889264548109044,0.005720922482461267,0.0061325085191821175,0.005692427023084814
0.012646932493703673,0.019371426864035975,0.002169887873339775,0.013107618518830005,0.009364828376640027,0.013233994182962283,0.014249165751831976,0.0063165090013769035,0.0069348108696894095,0.01191834045740797,0.02313669247172478,0.009177715626833999,0.006513811915577396,0.007443765313476704,0.006560455012974285
0.012127513591958627,0.018364171371266794,0.0020900851939845222,0.01216940337954159,0.009141842185986683,0.013407096173635223,0.015245386499815185,0.006226332561003154,0.00672812664840859,0.011780086964355842,0.025486537714663658,0.008854102756778672,0.006118065159669399,0.007123786713508182,0.006123996427947251
0.012023601893160613,0.018510397506522672,0.0023142437880529177,0.012790381389851805,0.00861839579644971,0.013341092037889206,0.014593673638834466,0.005745058144707712,0.006433377217474256,0.012117691173417473,0.02186418030698515,0.008275186418737975,0.0058155850433812654,0.0075497541023165195,0.0058347874065020795
0.013272162780482826,0.018094093395976767,0.0021557822820408514,0.012402426723470973,0.009126100935031597,0.013636151456338546,0.014946824116495273,0.0056716533778132005,0.006427831676771728,0.011877296572943159,0.02398856872334234,0.00871179215450233,0.0055957429216909275,0.007208503116267228,0.005640475991476041
0.013801927321702451,0.01807903965721302,0.00240347797903764,0.012316317426339126,0.009793172087849834,0.013255975562003397,0.017059102336051044,0.006609763297980008,0.006745028727527089,0.012043602310917181,0.02425504704959491,0.009130742421488487,0.006839617266929085,0.007845452346966956,0.006951817285376543
0.013269114034891902,0.017416269697241627,0.0022516384739805217,0.012049499336082434,0.009562539776819052,0.013305014655468019,0.01725163969266551,0.006570000655120325,0.0066673876215459435,0.011572398456789739,0.025546079297645394,0.008768418891563835,0.006352980286891857,0.007563797838115286,0.006418403671652688
0.013227268780791408,0.017110885343970973,0.0022638147456200213,0.011968667890801022,0.008939896849831893,0.013031949108056684,0.014943992270048627,0.005939402760004141,0.006145852770808856,0.011559277822840046,0.022486788830625618,0.008209244551799909,0.006009565621311548,0.0074431323894332425,0.006076707754997748
0.013187175564418459,0.01662114990531627,0.0020788403707839194,0.012438430459627494,0.008898587778632776,0.013029537486487943,0.015068907924349234,0.0058764761426869025,0.0061431812981482085,0.011452073415801402,0.023440553635635897,0.008289635901829611,0.005707838763556186,0.007302135999649492,0.0057656946827087776
0.013029427952894562,0.0168098864987374,0.002045681459294961,0.011906096473813181,0.008456988858194252,0.012962296840364713,0.016336952807194237,0.005449971676709263,0.005760396305909728,0.011413968269291737,0.027127502614448063,0.007956181613522966,0.005441878157016691,0.007080794477423079,0.005492205231308985
0.012959802911535583,0.016158665346302902,0.001911551351542115,0.012236952214730742,0.008268973173501358,0.012760528287438495,0.0143570254114888,0.005373269920285723,0.005687907879108513,0.011122405762067376,0.035030427543403825,0.00764483886799456,0.005245488143001092,0.007091911158359673,0.005272911502311585
0.012490077274138311,0.01591184611361333,0.0019027464060977555,0.011877732048753285,0.007928091818689528,0.012902837165425063,0.016348491944126565,0.0050664138711307635,0.005403615993089943,0.01096852557334717,0.029214462547722985,0.007350060643702139,0.0050524550559689066,0.006887128699504944,0.005077960647376622
0.01376275975304239,0.018315122662279987,0.0018029196854105933,0.012399402483750826,0.008140461899808901,0.01260570473955155,0.016922027459441772,0.00499974580190238,0.005364333323218026,0.011120105920128662,0.02982037668400888,0.007215625277289865,0.0049021574957297115,0.0067140811037962045,0.004918866367868705
0.014533535029564797,0.01715597045710103,0.001771707160280567,0.011643342147443954,0.008227201235734298,0.013023281047039441,0.014627896204621483,0.005009008616189723,0.0055071377287513905,0.011613183775819184,0.02756338896393975,0.0074580015875513415,0.005022885954770307,0.006545839311647254,0.005060466468988677
0.014286253798247052,0.01711431028922682,0.001690998791166698,0.012090868629928885,0.008029720607113032,0.012637548998145265,0.015246417645828176,0.004959967345539937,0.005523079910661037,0.011185911419745226,0.029612681099234334,0.007276500920144218,0.004857685310828888,0.0064402042755381085,0.004887102539077587
0.014146584648306482,0.01747409251465916,0.0018148025801365138,0.012017989110942894,0.009098052326902991,0.012747558136785917,0.018968176717633317,0.005041272141828355,0.005819898876061749,0.012743577145283243,0.02874814495683699,0.008094687720612252,0.004913616671681003,0.006527854129039719,0.004880428943092149
0.014578678950012304,0.01680141878174849,0.001705591662085717,0.011781358535757118,0.009326575138423911,0.012550654455774213,0.03567525244773003,0.005008208335391713,0.005922614638583758,0.011838468210108867,0.03362545492259768,0.008044566553088809,0.004766510473361412,0.006334179552967532,0.004743358576183542
0.013933853637336286,0.016983095643683367,0.00203326221942666,0.014172746896623461,0.009267252325880476,0.012474040380309177,0.01915062669270265,0.00488924866268961,0.005611981194711904,0.012100383260426329,0.025893103453355274,0.00793847727894896,0.004850311346830575,0.007587858001630574,0.004831593162800212
0.013701406586387832,0.01654370037663913,0.0018562309263917302,0.011888194835802304,0.009417331554122426,0.012322851655980786,0.028102676588687894,0.004869144284928359,0.005723885968553067,0.011366323397491458,0.029730750499813153,0.007935897796328523,0.004714519699119012,0.007095364112870762,0.004690851822283967
0.013213163076861607,0.016195063481454466,0.0018489933499617006,0.013612124698317775,0.008784286617683077,0.012260926061536838,0.01744606997282588,0.004833081023924902,0.005472943947049067,0.011685630648120268,0.02389731360024738,0.007618011749435245,0.004766948815448533,0.007001493005556756,0.0047555367755130785
0.012833319903506493,0.016164969279500323,0.0017129647607247217,0.01208243177642903,0.008948423135412378,0.012252040301666418,0.02187519200927233,0.004981683963837073,0.005604426166840546,0.011059346596890753,0.026727491402003783,0.0076227680448476,0.0048890822574983,0.006811520076165027,0.004857294324683436
0.012463920760804709,0.015775578555360485,0.001709281341342914,0.012961012715311164,0.008150762215721781,0.012057373908853919,0.01644518426146319,0.004840293308181108,0.005186904694706633,0.011299426198145092,0.02228387024145593,0.007050767200458346,0.0047755484926929855,0.006643455428414652,0.0047382443931290276
0.012428922460579974,0.015739060397947077,0.0015903092984035833,0.012070004230536606,0.008322178163184545,0.01202373444324677,0.017133032044813964,0.004775882807640594,0.0052770104837332535,0.010924787623443087,0.02409826357527257,0.007054977262798805,0.004673807956328896,0.006477579171349931,0.00464579035349445
0.012613643289326572,0.015397446139650994,0.001613428406266827,0.01392655677315981,0.008255107110152671,0.011962098685134714,0.016567122223819016,0.005121545350973855,0.005483436876498036,0.012434278022965975,0.021408429581157833,0.007304821804657869,0.005090748170587716,0.00641781175869087,0.005076404258395977
0.012169123421952215,0.01528323628507426,0.0015734433066109598,0.012268925542186265,0.00845722136938544,0.0119549458394655,0.018705314013986344,0.005112046643214043,0.005649317623020567,0.011548576674731897,0.02245309174894196,0.007357814917284061,0.00496133852557677,0.006297841732174862,0.004916853445191586
0.011900611702293238,0.014926233614677627,0.0015818212459983154,0.013171995987380876,0.00778226324898825,0.011781600600048412,0.015133181982570973,0.0049596268447171625,0.005215370955250948,0.011640754338925837,0.02141007601035533,0.006851457223725546,0.00495275558651058,0.006214570492828055,0.00493285571031413
0.011615736203962945,0.014737055022857833,0.00150176615098639,0.012173650336007273,0.007908906744581681,0.012017557473367997,0.015406462061066009,0.0049828574311811214,0.00535623944028645,0.011015034124458837,0.02331555790753099,0.006893835405175754,0.004862662461587014,0.0060808148188034985,0.0048315202057744614
0.011414113556514487,0.015440768426352487,0.001489644143117333,0.013928673408197898,0.0074471868124692895,0.011720906718700286,0.014485192906123925,0.004766677275389453,0.005111918750058743,0.011049511465444277,0.0219125015273559,0.006508127499044252,0.004748137755428425,0.005977759890746254,0.004723595842173181
0.011327395291028242,0.014999118665744238,0.001444184880529371,0.012049875744453884,0.007551171202617756,0.011731396882474415,0.01456495340589075,0.004827791150222567,0.005260535232481248,0.011030771391712284,0.022139937150103827,0.006619830921033762,0.004763017446900602,0.005976868055691808,0.0047477291052583906
0.011228313191549133,0.014874064880270859,0.0015879658583591036,0.013134005995510314,0.007289835498306421,0.011555500856355413,0.013663045234210771,0.004682999049667633,0.0049574816584358585,0.010976352425630618,0.02150302720287479,0.006387803182164078,0.004651308216700028,0.0061818127115796755,0.00463102476625315
0.012491963329628798,0.014732600217658686,0.001546423370683595,0.011855709769296145,0.007443436058792782,0.011652491960235352,0.014280412573231508,0.004624016052992991,0.005021571230606383,0.010680815010832853,0.022503678423144765,0.0064420919151301536,0.004576171159382237,0.005971736026804619,0.004565036542886087
0.011891830178103571,0.01563556595174132,0.0015225666586032626,0.0125090648610652,0.007070670147567116,0.011435517868346982,0.0137020242572464,0.004528463154287698,0.00478790274533422,0.010615658810745228,0.02166513889864752,0.006196603734122495,0.004508147840624645,0.005880906487079742,0.0044960832433680546
0.011874830653812033,0.014917380154249977,0.001577562203075769,0.011639373222225595,0.007174162581008312,0.011460357010173384,0.01470879260865492,0.004475281297029237,0.004873502688949522,0.010408391681903315,0.021519862421700654,0.006224539055951053,0.0044541872158494365,0.006066389725900709,0.0044418476462910125
0.014592194117179165,0.014829364958346254,0.0015310932955672433,0.012713995437601018,0.007070241277613199,0.011386279759228447,0.013448880471536823,0.004414380000985841,0.00485052190991455,0.010394237717131029,0.020990146192249228,0.0062831001133003776,0.004418420359763517,0.005888206546417587,0.004400621683902679
0.013448755282530643,0.01452130546993878,0.0017476228994741003,0.011532783950702546,0.00730372362360234,0.011469529933401104,0.014867029762726332,0.004614483187056772,0.004907646268323437,0.010952632434276792,0.020953624128747402,0.006292026441754067,0.0047650249118080575,0.006552623497573421,0.004723421086673058
0.013164973713968528,0.014330108282194054,0.0016621182482056069,0.014162505596455863,0.007274094791064342,0.011278265619013668,0.014543447400235521,0.00489749280947404,0.005263405129066231,0.010645696913866185,0.02083045280150281,0.006658502770821259,0.005080503287313885,0.006230622395366742,0.005000555816353919
0.012768346800047993,0.014694500663703626,0.0017596315420468987,0.011640961371387561,0.007295072696511168,0.01267214537700101,0.02056016666764428,0.00481187776913008,0.005403043468108518,0.01057821272449428,0.02067537679032007,0.006681790097586579,0.004900689167258377,0.0063903555298643186,0.004815646019794683
0.012549046856523203,0.014534363776440396,0.0016822819654801655,0.013282771495353791,0.0074014003325761505,0.011793134142307869,0.014286006123325137,0.0050896149857149455,0.005157054269581521,0.01048284732284246,0.02216626062138378,0.006562871532856031,0.005425513337335784,0.006322713140008085,0.005343132621078472
0.012274668334935452,0.014651260674337259,0.0017223818474884516,0.011582919641605962,0.007526398303636488,0.012295999406886839,0.016910367721759068,0.005024143923118034,0.005323144468834627,0.010390222763325433,0.02399575501397861,0.0067615360576229735,0.005145511416910713,0.006234154350250808,0.00505304196809909
0.016810773580103824,0.018463380466026795,0.001781527099264649,0.019143855950701182,0.01170637258180204,0.011886303490741035,0.017824708126751455,0.00561855085459581,0.007145787180371784,0.025329604392529403,0.022774398741234086,0.011760585040335853,0.005921628646173179,0.006371758498504845,0.005958897099636468
0.016777086005657114,0.01929110968202554,0.0018916361651508922,0.012442170398158401,0.012426874264652428,0.01250403489524575,0.03271998498418632,0.005720539541230177,0.007548637078781693,0.020763347547625398,0.02542772118884102,0.01205043211389725,0.005888113430851799,0.006741340033845919,0.0058674479942995884
0.016446589534632267,0.018363128202003653,0.0017948531918420582,0.017225025295916345,0.01058620703253809,0.012197035781633135,0.018246558810697724,0.005299164443117042,0.006449568994435726,0.021630177977271646,0.021967156588460157,0.010312580741754207,0.005585369264724056,0.006447231228629771,0.0055635739985849175
0.01633658805302192,0.01906541637150265,0.0017567601958182364,0.013037525774962668,0.011118434410044316,0.012410933824967494,0.022747089090058924,0.005245120988973408,0.006766520776901097,0.01801541873038148,0.0237214517745657,0.010547295492398565,0.005342259935645493,0.006454078780552046,0.0053355158566543446
0.015548681233517743,0.01798057238224542,0.0016886698965543634,0.015763376499344874,0.009566043761859447,0.012097059842891897,0.01943441866537323,0.004956557785613928,0.006020157832350911,0.01877531847170076,0.021256878214919003,0.009187869108661038,0.005138399805631166,0.006389494852379884,0.005131003837114146
0.017127295378495368,0.024595385491602294,0.0016634800262069723,0.013075530653355165,0.01029791756045862,0.012099333267150167,0.02289647136858881,0.0049767816580225275,0.006618415046836111,0.015922309232806728,0.02270397323555836,0.009840223180053767,0.005081944690749756,0.006268323808128589,0.005077382177902603
0.01609935060963523,0.02131466579103212,0.0015971348091252577,0.014897812868372263,0.009246531336096491,0.012061820978586981,0.01631693997302026,0.004781389767032126,0.006058917967298999,0.01629359213849319,0.02109973609876377,0.008856390809340529,0.004917999520595037,0.006214852830169305,0.004908448191406025
0.015420777528394077,0.02302205992713277,0.0015592047254017213,0.0131605045105748,0.009384806775516577,0.011912634796347703,0.017925751637852073,0.004715415333019319,0.006078729222846025,0.014209696345215607,0.021648147884401624,0.008788360286550565,0.004838029853641061,0.0061756546295368255,0.0048149189793705175
0.014883033185083477,0.02118477384192482,0.0015256885275467037,0.014075786637360775,0.008600288769252963,0.011946700513954548,0.014525861406254408,0.0045901474836250854,0.005659004411772798,0.014460960186807615,0.021390342585475338,0.008053365641593726,0.004729218821250006,0.006051231314194806,0.004702320360529026
0.014272351120683736,0.02266950671144249,0.0015376388969891384,0.013358175264578175,0.009411617988577183,0.011751324791341082,0.015220438571617161,0.0048132247043161085,0.0058870813070405325,0.013138399943954304,0.022997966703844113,0.008312135859269553,0.005039613138515649,0.005979683174992443,0.00502196162726524
0.01380659497447279,0.02097576127463249,0.00210780937355812,0.01346665965245509,0.00887982877050565,0.011905173726643053,0.013696185030312643,0.004754798073164863,0.005567971150418325,0.013282972369820241,0.02647874257397265,0.00773543611935657,0.004875932131087373,0.007303716918468139,0.0048613767616366935
0.01341335045627181,0.02063859046087486,0.0019296866340945608,0.012923923466393126,0.008632931179081219,0.011743613685083153,0.014196105121617548,0.0046367693629574555,0.005480544562256147,0.01215003332995646,0.030632014198124686,0.0075762610648489655,0.004759025892706243,0.006794224423017806,0.004748486182990172
0.014196247111028366,0.01997380966854943,0.001951477936904465,0.012874621768778925,0.008338019754241383,0.011658804397853894,0.013264679526783486,0.00476383409924145,0.005384117488349148,0.012199698309873218,0.025419295199223448,0.007320725331825532,0.004863332145587599,0.006972233911951511,0.004872472621056972
0.014368802682109758,0.01947385401178512,0.0019635160082815727,0.012640915576328137,0.008597800695177292,0.011595328411784416,0.0136465009094717,0.0052452669146567646,0.0058780870819569375,0.011900405486397599,0.027441083867110874,0.007502295649897827,0.005386984899021816,0.007389045808034582,0.0054168511163683476
0.01415148657795569,0.02025854832306337,0.0019777690239889054,0.012958004112581132,0.00928269307135309,0.011936277974075975,0.013228623568683373,0.005969402542109226,0.006571025350755334,0.011753026675979026,0.025349621232826816,0.00825468608270592,0.006104710945211867,0.007471277937310935,0.006126056893341172
0.013764725342572916,0.019036525062074327,0.0018727291124523376,0.013097349372200867,0.009395564109315512,0.01172567648714792,0.014526833278215552,0.006008391125989846,0.006701239561047154,0.011966480837413848,0.024618312381414067,0.008354951273984277,0.005936173429027259,0.007493354272505749,0.005900030517342872
0.013258561820079324,0.018964056293391957,0.0018410961906871052,0.012537691467578115,0.008874751118909348,0.011679736278871476,0.01328504245754431,0.005674140759619081,0.006282063981644979,0.011579601488408966,0.023406162144928258,0.007759283195573033,0.005637765861327717,0.00722037619835124,0.005604026945780461
0.014125055856377746,0.01824949597625662,0.0017511582081368555,0.013503688343324868,0.00939910502571718,0.011555129669744209,0.01430219134236116,0.005943893820044176,0.006869263241827256,0.012321036062616968,0.02313393606641556,0.008378392922248689,0.005923081436291437,0.00709360183930304,0.005927999925361273
0.01369038550541488,0.01789892099534379,0.0018452586709932525,0.012257525539213271,0.009169484850848543,0.01146215611535459,0.017747129818460147,0.005775494780737725,0.006738879807396213,0.012108989747363616,0.022211216392947798,0.008000327697593894,0.005620984083940258,0.006946043206974217,0.005594750768100168
0.013204716191648274,0.019025463055879054,0.001729411409315678,0.012884688075816322,0.008809717365046314,0.011378116762037616,0.014550266279265194,0.005482960262752107,0.006300089447758235,0.011793335185566136,0.022124036720639548,0.007672153027207579,0.005410866417403686,0.0067988215019521726,0.00538606427109368
0.012963829352018863,0.017911715271412873,0.001706849230803555,0.012906828018324625,0.008593528519219759,0.011434213299138045,0.016479444290782356,0.0053358699153948684,0.00621275104484203,0.011602578007208202,0.021879226861638436,0.0074101108515486815,0.005221175536460746,0.006628794699107533,0.005190367012650127
0.01277633791665491,0.019814531333166893,0.0016068891775598362,0.012847532570144567,0.00818347852107985,0.011257810591717281,0.01372216907793403,0.0061683006245395995,0.005901334231778292,0.012011494970571336,0.023016581135761285,0.007122307653876721,0.006458687429286062,0.006475926427243134,0.006394139407632981
0.01464891925398768,0.019739351050598278,0.0018341807531565956,0.0153890836274934,0.01205277698403407,0.011220698785130939,0.01849704610455613,0.00609929579500637,0.007096471483234743,0.013659776173196095,0.030638511319652718,0.009568074773309872,0.005978182114957612,0.006935153358346599,0.0058734013698839285
0.014299719104668556,0.020233849740505353,0.0017903327280509305,0.012748259756403988,0.01267333413013586,0.011162733918857533,0.03214417208632729,0.0063837426562831645,0.007664953230888236,0.013122410395332811,0.03906604658836729,0.009919680454806826,0.006655217718211869,0.006676250059118357,0.0065182322376010704
0.013892057188023041,0.020789801769921706,0.0019815879129797993,0.014897494215945172,0.011143771176666113,0.01117392669313671,0.01888321192580429,0.0063926655608745764,0.0073590250105620226,0.012733618007653363,0.028254687280577017,0.009143847286613434,0.006275202865752676,0.007584981290241,0.006118702883133431
0.013692460313409491,0.022148924957211165,0.0018250914644732722,0.013512112264622877,0.013133681262924817,0.011038282641266287,0.02447216640742187,0.0058656011602260475,0.007425843160002585,0.019325743723327866,0.037452305806832314,0.010076123138879726,0.005997877270602293,0.007112114452745347,0.005867197786960159
0.01316002922861343,0.020722729861203933,0.001849080363957323,0.014214128780218686,0.012244789650415502,0.011029119191588494,0.022130347868147007,0.0059852302608628,0.0071388563009831905,0.016789367837791787,0.036440741757437674,0.009433643783995402,0.006003425308570778,0.007127056121092133,0.0058967110497732
0.012867059169030243,0.02043133587811997,0.001746751287403459,0.013715448504520509,0.01170625469806561,0.01115482960673391,0.019868337300122874,0.005556621851701915,0.006721077532202769,0.01748981142870269,0.03129700653058318,0.00901414235227236,0.005664556260119377,0.006953251370601157,0.005572355413058457
0.012436917283378385,0.019593210164866863,0.0018032726683669404,0.014021484317459526,0.011177265652284546,0.011022244309108009,0.022330135192718422,0.005502308520030038,0.006563703113610605,0.015387707966558563,0.030772757634021174,0.008564450303871625,0.005500351945608946,0.00713464610947932,0.005442105774136118
0.012105224384949502,0.019833551444989453,0.001684701363929231,0.013250311437587788,0.010673809597388713,0.011041677341509695,0.022876701330419188,0.0054622434732742135,0.006301305196984642,0.01694152243050133,0.027520363327715115,0.00823622338116324,0.00562357710816464,0.00685135837682803,0.005576663885482172
0.013350559256381653,0.018849026876918227,0.00169504666258605,0.013337001783031165,0.010384396861102778,0.010905422261804052,0.01813609800345483,0.005505024725317426,0.00623488862050558,0.015444918246894231,0.027077175347365777,0.008207546643458847,0.00541709467318038,0.006722604162160508,0.005386714357173098
0.012845135436966495,0.018553535433391118,0.001587507807963592,0.01283726764654594,0.010138463265957513,0.010856054577840056,0.017738111759756016,0.005232532212021863,0.005984788207382399,0.015301081866154897,0.026033285021663907,0.007946817413737406,0.005211827307814751,0.006542449084147054,0.005183461743415852
0.012503997166084564,0.018288075840809527,0.0018490316234696955,0.012778718158172893,0.009550725498778147,0.011156775854406198,0.017550385740536863,0.005101129135240613,0.005740480779509397,0.013875155617367886,0.027449341810245755,0.00754355158209525,0.005044508726424699,0.006741332898651249,0.005027151865313425
0.012148078723250673,0.018080278951055663,0.0017006136354934499,0.012506007723899659,0.00920960576189926,0.011609451224555777,0.01587303935835599,0.0052167713383488665,0.005619134631062216,0.014129792642723018,0.026599782866279207,0.007321320518385268,0.005354905285569918,0.00659761938976835,0.005323975341532233
0.01221941042668477,0.019016340317561654,0.0016984427259848572,0.013108478769591645,0.009434881849787514,0.011211088064616,0.015087945614497262,0.0058706080649537475,0.006162684179813902,0.01579560194661138,0.02539893374614914,0.007903328174162111,0.00605260008434499,0.006519366174761078,0.006049041781066225
0.012612791458674602,0.017847810041491677,0.001693247788334499,0.01281159569679958,0.009842307706483679,0.011389357074953897,0.015663124668550348,0.005983322082749788,0.006430900722582198,0.014868375117700543,0.027317675067106553,0.008216298656480405,0.006134646022925887,0.006870033876519517,0.0060880353387256616
0.012849129147371264,0.01766305791260031,0.0020206619839326606,0.01276137216933266,0.0095899649865073,0.011239263288993748,0.014157679720259489,0.005961728878506073,0.006299540366222145,0.014456737080258977,0.02668427423892787,0.008127192142500185,0.006132174553647151,0.007571465773739656,0.006066087920035146
0.01237982462321326,0.01717041342832413,0.0019984765681060703,0.012592731001749189,0.009284140212014375,0.011565851350880497,0.015175985542973534,0.005728748059673491,0.006305197656731013,0.013658813416169582,0.025029800056380013,0.007957858525871346,0.005798853039082372,0.007830112556927915,0.005751342428260375
0.012091058173672276,0.017672576209601068,0.001955112170999432,0.012371369815971438,0.008890879818285355,0.011252811666852514,0.014993473020742385,0.0054300142099457304,0.005917127309187205,0.013135418637510318,0.02412872543454159,0.007472429644455724,0.005542867829774715,0.007663016323181312,0.005503095981106428
0.011785583977098562,0.016817382091147096,0.0018308301639495784,0.01220049110827775,0.008694574642649984,0.011418388209501928,0.013956166457513876,0.005307993612947558,0.00582367046173726,0.012482349295864514,0.023307660280451836,0.007344991368861891,0.005321339348190191,0.0074307399762379885,0.005286759881039319
0.014963764655917047,0.0175893046153841,0.0018151297542197435,0.01205053616194634,0.00877205282664118,0.011190706658926521,0.013866047992387096,0.005165137135565553,0.005658559251906805,0.012134656428794854,0.022688853488672205,0.007345444083307184,0.005197036411370509,0.007270369663955412,0.005167406285586059
0.013704894706256304,0.016653477360105386,0.002008383459457222,0.012038310657169616,0.008696988731859728,0.011172358146923354,0.014407143599857938,0.005009399356547943,0.005565266103353741,0.011689755595748051,0.02218989316749671,0.007245801468109164,0.005010522843019356,0.007979066560147092,0.004982063645556735
0.013404609168681856,0.016493673706110764,0.0019169698358497802,0.011852224705229166,0.008124785700903546,0.011056929502850383,0.014654732162492256,0.00485921654859772,0.0052952766582779875,0.011415987109093289,0.021626577437836438,0.006844772421121986,0.004890676351828293,0.007522168157602257,0.004859603752982933
0.013589752175217597,0.01677424789780572,0.0019169648561276806,0.011751861895275271,0.008405727510526447,0.011158254222927533,0.013722371956734753,0.00510626257703371,0.005526831910738914,0.011152016111462501,0.022218434381763946,0.007236733680322294,0.005182291043489634,0.007372262078513454,0.005109555541729252
0.014181980943183903,0.020254960962073142,0.0020998639921875604,0.013130440887193822,0.009290690919865235,0.010972590745008068,0.01666637711155159,0.0056627532314370375,0.006682709363576851,0.011015209867636907,0.024366544363464922,0.009091391314501792,0.005673225379538138,0.007802394016333238,0.005661733460495825
0.013442223476426853,0.018313972750728623,0.0019901587553422225,0.012937369299112558,0.009819455395892221,0.010989999905134981,0.02395760905335748,0.005894790611771458,0.007347840997268456,0.01083704927478783,0.029460779990007943,0.00955469588528119,0.005859695574288542,0.007540470424673439,0.005765785778333161
0.013076565663728938,0.01834215334782205,0.0019300266236470037,0.012667334203836533,0.009274748646291882,0.010880850503424086,0.019501453996892695,0.005809627036730195,0.006870733896594032,0.011041009769190025,0.03464123271164421,0.00876416598640966,0.005721076714674248,0.0073291563502345955,0.005666255443118753
0.01308678408490001,0.01764742382753454,0.001899494469013885,0.013180563804607325,0.009508436207036439,0.011131460815210275,0.01846438473735162,0.0059757613995852455,0.007192039925341029,0.011529716173859063,0.02588423073831615,0.009100109584958958,0.005999916969610263,0.007169028158474104,0.00591179270446336
0.01270915549771934,0.01724730794938317,0.0018208304594488991,0.012345101444092921,0.009105664313320556,0.010968382276712629,0.018522416102194267,0.0057368871879071425,0.006982352025805237,0.011130322891118281,0.030338996619463217,0.008630720569906668,0.005647527754434134,0.006963624170590233,0.005571824552692889
0.012339380483099403,0.017536281907235038,0.0020644884568713005,0.012618817394712465,0.008854169474026419,0.010938682060604468,0.016271583087832525,0.005461072980999134,0.0065565185951333696,0.010988946091246302,0.026268608787874567,0.008243804408079387,0.0054341477355412835,0.007813641220411954,0.005367265170348441
0.012016632713140568,0.018397246300222297,0.0019226281063270468,0.012063970777018245,0.00864204811176833,0.01083116443175831,0.015399694831969839,0.005347727875848834,0.006425067116006844,0.010926674536165148,0.026491489074815175,0.007908638353406836,0.005311213137581618,0.007343074193519187,0.005274673822157948
0.011811134948276413,0.01732522312167027,0.0018750440111385796,0.012148217726387116,0.008512071391456199,0.010781842378864752,0.014281950096093595,0.005604398961546769,0.006440582283083877,0.01075177164573674,0.023839434933006855,0.007887783073247348,0.005821818932077032,0.00729220343248431,0.005818867677075714
0.011931706638946861,0.01711239547717644,0.001760028694022185,0.01298376702068187,0.008328029834272378,0.010775826632702427,0.01892284383341007,0.005878127463331221,0.006590571409427729,0.012171283297623379,0.024023267404405465,0.007887384394688111,0.005999729762898552,0.0070665174355004625,0.005999639563953425
0.011803462144793116,0.016678220194154318,0.0017341528188200123,0.011911181482654748,0.008308777698767618,0.011768327839663126,0.03533653186379806,0.0056892923085132595,0.006349917991031109,0.012836349561445424,0.022978702464462198,0.0077295575722736475,0.005957049169415312,0.006985332644953832,0.005981934303257382
0.01264628585393675,0.016503725299469675,0.001694852613171515,0.012609281768368364,0.009355133232223062,0.011314373983250959,0.01788604017107015,0.006417902356002924,0.0070667528170031526,0.01421500661530956,0.02394390052959619,0.008148220778947876,0.0067784411085857225,0.006784456065568431,0.0068361507559317235
0.012065904284988988,0.01662906368913214,0.001813947484937551,0.01176077767828296,0.00935087713475164,0.011491043099892467,0.024254211954484125,0.006257891955443164,0.006968076358728219,0.013147232611747274,0.02300840054896418,0.00797532715674146,0.006339866775076428,0.007141558913035498,0.0063281542210605005
0.012012285387133956,0.016699985815845975,0.0018799824323125233,0.01226948627822861,0.008576436865919317,0.011306437339002464,0.017934033338913826,0.005882087445136543,0.006617144267996077,0.012909343605222808,0.023180275060584083,0.007483942444964228,0.00619836891815269,0.00698596326793772,0.006172527423035004
0.012150975415876468,0.017139769231184303,0.001830349293454902,0.013004967858955871,0.008949172732934722,0.011265936083743565,0.01986782183716036,0.006442410148034237,0.007079086960522796,0.013651279097400349,0.02389553159415389,0.008103440113388878,0.006631515206498384,0.006796557632741857,0.00659937462730131
0.011769784375106675,0.016364972001451823,0.001958940186040347,0.012443431303151765,0.008703818915587056,0.011582410043925991,0.022503614062176647,0.00612957231500568,0.006929772026626785,0.012922295566706385,0.023042411605973725,0.00819892801500357,0.006169832314418553,0.006737999211292954,0.00612702985326676
0.01307226981442993,0.018097290901047624,0.0018988620907955502,0.01260363283389287,0.009309838019022078,0.011272348542117878,0.022417709205165778,0.005799269812917225,0.006840338831773952,0.012501151743871017,0.024149169054009573,0.008311919970408449,0.005868852091183533,0.006724448116314883,0.005846646149323703
0.014121913644695325,0.021241922168894433,0.0020539197807552634,0.012427900077392737,0.009140362886291026,0.01142177068248644,0.020624206811232594,0.0055570576544665086,0.006539942750719067,0.012070114297135615,0.022893169947649797,0.007995652961469906,0.005569524176927763,0.0069287291052316825,0.005549169642506445
0.013324260936328117,0.01949727508858094,0.0020410938043937494,0.012243112428127452,0.010113702319112721,0.012451059532505828,0.018043339514014125,0.006788795543018652,0.007496430404887332,0.01344356691518726,0.02354861728096989,0.009102089520190627,0.0070829455762365014,0.006741747727375267,0.007111958083325324
0.01514847508952899,0.02076363750013519,0.0020344702280655357,0.012041611332886615,0.010578162258201322,0.011762745659209676,0.019705123587992885,0.007153626795872328,0.008054372572218969,0.012498303323828121,0.024561649786162498,0.009237843179131488,0.007243630384570197,0.006874169399040095,0.007283439121058756
0.014286179201450845,0.02039672828273356,0.0020408106230560778,0.012251107818478378,0.01049663678445766,0.012756935981419238,0.021742768308576008,0.008122443251178321,0.008217450370510623,0.013415963439094496,0.02325919421722956,0.009080394322333638,0.008310781831981867,0.006835701791785892,0.008458417818789992
0.013811751092060532,0.021580973050590136,0.0019480011464650282,0.011794623191159996,0.010573418942468205,0.01809155106854708,0.016733119895580607,0.007902360325530456,0.008144595561745684,0.01512220829972348,0.024470322936160926,0.009026369252769052,0.007514829227382518,0.006838069540424699,0.007582063239921218
0.01327112075555845,0.02394940301857499,0.0021311521930525742,0.011853754924321258,0.009710214226734305,0.015194535100921367,0.019090853823392737,0.0069833902562651375,0.007626461915757968,0.014481184420097416,0.023322941921383178,0.008910115016366418,0.0070637419067899965,0.007842511532209759,0.007140874009162576
0.020587193556663407,0.02235986327134492,0.002286892384190724,0.02264713991734261,0.013991753301496808,0.016897209008225087,0.027426593357892316,0.011460593385145958,0.010741235464252662,0.01739789255298842,0.02676689153251264,0.011618945694088074,0.012012900637300481,0.007806623507302654,0.011977861558248946
0.020346751048757872,0.02448040118740052,0.002644768844052675,0.022952760740086738,0.019970887041936752,0.019309096935002858,0.023899828256902875,0.020269937888095047,0.017893277700283778,0.02257322238366756,0.03671776975560683,0.0184529156579291,0.021818856808372172,0.007995948154186826,0.021560432745052073
0.02358959458529626,0.02800265530066494,0.002724103798269127,0.02216204187927389,0.021579505295257033,0.017566616383319605,0.04033672078828486,0.020357394622478604,0.019656955308510683,0.024149960717267112,0.04888895847045333,0.020347254021766202,0.020423788656473124,0.007856110615440351,0.01977620335640009
0.022754508438715414,0.025455557572195073,0.002716100787781614,0.023396533723924015,0.020475455014939515,0.01854020451694,0.026456795626496287,0.01750449909644242,0.017432665777156325,0.02324670332372964,0.037977042888295134,0.018870794724670566,0.01856987244107792,0.008076931613168773,0.018083553163654897
0.023654540401392567,0.027595322363349935,0.0025540887525187634,0.026608374660274336,0.02406349865145579,0.019362316300989186,0.03630045131005932,0.022697984825409415,0.022566628664111535,0.029525718409879765,0.04240107342241257,0.023864921752004387,0.02391426570011717,0.0077223494747070565,0.0236023951402532
0.022015281173736273,0.02638927655238653,0.0026147078631084003,0.025608375553535664,0.024759640720394823,0.019381850621905984,0.04106558561351831,0.021802875363730285,0.02260262893848015,0.02872242306545184,0.042976191458780615,0.023533243962917047,0.021653806364190807,0.007738639979951178,0.021245741090902954
0.02465856803065329,0.02796511343850611,0.002423074364081818,0.024558457480483357,0.023040180147326846,0.01883233568991358,0.031696250487892305,0.019831048592061876,0.020548758619953658,0.026998185309453436,0.04421801199711745,0.02177038653306918,0.02039624864113514,0.0075549984688327975,0.02000090833693654
0.02248508220416103,0.025751033269828374,0.0023508910889742845,0.023538059213312645,0.022181543524251807,0.018615828925118868,0.028222249338162832,0.018374536097993735,0.020006284963083317,0.02426823231247599,0.03659159465626974,0.020800508907704268,0.018180505604298357,0.007435951054344291,0.01785430296316498
0.02208976100774256,0.02525158228696218,0.002506382648095918,0.023340282884393635,0.020806405241984346,0.01866709288340713,0.028045569353026843,0.016844498700914586,0.018066183083012718,0.023347151482835723,0.03791338571751525,0.019466963171605723,0.017254296232727718,0.00788445916786312,0.0169686185525909
0.023302394408268645,0.024558766245023005,0.002377361158063071,0.02253481263360858,0.021226905099991488,0.01833973556799035,0.032660473386543216,0.01640979234245549,0.018518341270208433,0.0221289771895256,0.03433787681584823,0.019723360580080496,0.016249992190370113,0.0075499068325864385,0.016047238688893933
0.0214110734414524,0.023888585807980527,0.0023737017783043955,0.021558880913873046,0.0191629934719593,0.018207399427546428,0.02155466194267115,0.014476599890059918,0.01636291060222597,0.02080006055984634,0.032716322004027756,0.01780016207283879,0.014556753038351609,0.0075177123356350425,0.01437659873911435
0.020321620197717397,0.022869184164290277,0.0022598578299013036,0.02092073956113718,0.018318020649202106,0.018380488232016313,0.024985201487164856,0.013651867958562616,0.015782053592434283,0.0191552439267518,0.030180156343839904,0.016831633655934906,0.013506752749569981,0.007364208406252304,0.013366566402918055
0.019184424818892334,0.02215290970183232,0.002579759266366792,0.020178969329205095,0.01666328478394418,0.0177941136025338,0.018459835709263593,0.01241330270658267,0.014102288480571554,0.018748481368898864,0.030608357568976518,0.015200297820502426,0.012421148295661943,0.007977934741626483,0.012336564702874133
0.018252195503381433,0.02131394427782732,0.002398426074792292,0.019450616544546086,0.015976351243170664,0.017694333740074033,0.019915407201860243,0.011462130620597111,0.013535786459913704,0.017113339730812374,0.030246431922309025,0.014421629443300143,0.011224097349278565,0.007586320121272337,0.011156285791957175
0.01809595187690863,0.02125707040397292,0.002502393499239877,0.019499430911111112,0.015865179785423386,0.017855801370655337,0.01732394270205384,0.011954334215291644,0.01332537420908675,0.018608631429077586,0.0268081668597791,0.014706493667912837,0.012122023005218651,0.007827850857156003,0.012230581498071604
0.018108021812004174,0.020295744313636628,0.0022912528168014183,0.018734760613507553,0.016383586870349545,0.01775554590221372,0.023079660917183952,0.01230333360287653,0.013703432274731222,0.01733370730327081,0.026875521782765054,0.014907134187101299,0.01176330630926853,0.007480552861234597,0.011783235354234225
0.017033685178872198,0.0198279212219184,0.0023875051322838118,0.02002669907868136,0.01520315194277903,0.017976668570443645,0.017336222408845074,0.012237037063033484,0.013364904832530135,0.017441026247312225,0.02415496887905101,0.014223801218875698,0.012147292095430196,0.007305504236159257,0.01225048552916924
0.01623955988487922,0.02057306817900224,0.002215075149167532,0.018302030122330358,0.014908127200006078,0.0182132548079044,0.022687332113550004,0.012255112434097435,0.013680783176974843,0.015891450711329608,0.024904243870944653,0.013973087306285855,0.011898894015307108,0.007321751973815036,0.01214017652273857
0.016838995066879945,0.019895375524598413,0.0022448573836834343,0.021454368971646497,0.01472408641485835,0.01770133306151079,0.020166844018427544,0.012760771010862149,0.013280454477393098,0.01591667337473915,0.027113891905762567,0.013996726214601043,0.012701593439955899,0.007328373006234495,0.01257045022345556
0.015838691851403686,0.021537172881608776,0.0021818395932497294,0.017981803053459148,0.014853250933526243,0.017621509977103187,0.0200139052909111,0.012135073155924386,0.013237871641655524,0.014481086729252643,0.03034448125933729,0.013950480684306328,0.011463913403681327,0.007451578294065501,0.011362572297553759
0.015173772192226485,0.020647632818699645,0.0021341943997449666,0.019806913332943443,0.013725417002182334,0.017240586952225946,0.0174760505594627,0.011361464202283194,0.012098776124750578,0.01425323842993233,0.025252782111367323,0.012909513282960115,0.011426311910071298,0.0072003151626731775,0.011357826252517998
0.014506470196927945,0.020585022986217356,0.0019876575568946093,0.017184132903307735,0.01342741227309619,0.017100966682362478,0.021762287146324284,0.01083390049948055,0.012121774879859604,0.013268372974504849,0.027426187178320648,0.012612729727105212,0.010284109311375364,0.007016486533531735,0.010202356046583599
0.014423697405809897,0.020447592497548902,0.0019386931173005942,0.01866474896820384,0.012245291450574838,0.016743455335552576,0.0166093216060383,0.009445293665535544,0.010450511841760492,0.013086050448015713,0.02537499785342569,0.011245177469473478,0.009410550642989311,0.006833057352609549,0.009364576831524868
0.014126890880571891,0.01955202021701519,0.001850832093190559,0.01688552234806958,0.012019975583746284,0.017024039341878325,0.02261122417099953,0.00913434040917929,0.010635891520353831,0.012400601671397338,0.024648156185386454,0.01106088013170055,0.008769883279295178,0.006858457206510483,0.008725676404665086
0.014590618802287014,0.02086371706532898,0.0018657900294878637,0.01965655300049206,0.012412937763625445,0.01654684533966773,0.016554348947920332,0.010502502187943442,0.01104152820680122,0.01450878448662917,0.023652771856184408,0.011896862384994978,0.010784838641775507,0.0068986237294830065,0.010769197895974199
0.01408827073419375,0.022339555483714118,0.0017795193075660278,0.016312272025192264,0.01256120186885597,0.01651135330371122,0.020331227850011777,0.010259528815586994,0.011233287600890788,0.013136944716804244,0.023845085285699636,0.011893394008761297,0.009603626018135835,0.006867587578170509,0.009497625322813735
0.014099297152697468,0.02079400424079836,0.00173247783035002,0.01980740632561823,0.012143229378842855,0.016118365030184326,0.015574922373356852,0.009319670002135324,0.009929600479935947,0.01637673522576811,0.023224356917352786,0.011721929880466813,0.009412842233415465,0.006809449117789074,0.009393684900746276
0.013896407485323083,0.02045129415829312,0.0017941560305740373,0.016051945697701308,0.01235655719280526,0.016098706462092237,0.019950122026611717,0.009441991078224986,0.010257167757214289,0.014587266528194308,0.022800860220871785,0.011711188112914802,0.008935349019243654,0.00707159631703586,0.008923316850643638
0.013317139460919655,0.021387786682755965,0.0017164359005243687,0.01807447508816802,0.010794741561880823,0.015724420299888672,0.016758900548009645,0.008242181581543717,0.008818181200460275,0.014640297027931666,0.021850118534276618,0.010259581844246125,0.008219442662753691,0.006775028678881886,0.008204050329094189
0.012998890129407626,0.02613723984297925,0.001691380334599944,0.016332258180741376,0.010995645927201547,0.016313110223919833,0.016132446082208433,0.007975784033913233,0.00898167919478249,0.013215798684694684,0.021592975273749003,0.010342101408578847,0.007576221162171953,0.006709156936511584,0.0075728852930577375
0.013882981910372027,0.026664799406320223,0.0016491975789668784,0.02015297698083416,0.012376971656144993,0.016564520758953385,0.02486701856776376,0.009250582050579194,0.01017451670508622,0.015141682228793554,0.024073559790441415,0.012209665817665846,0.009482424552809544,0.0065787348096527564,0.009466976346472198
0.01313110199120224,0.02524487820728476,0.0016680740970516942,0.01601916200188678,0.012929478706877915,0.016076339528943804,0.05239417713263148,0.009094202473898676,0.010730006101817393,0.013462852249453254,0.02910972992687215,0.012392924050101109,0.008454443671293617,0.006513665717586354,0.008371085837133219
0.015379695051101974,0.026097484620617548,0.001592433469221172,0.018363499870608632,0.011170649145345683,0.015961010304311293,0.02890587081971127,0.007841811405751213,0.009108098522644076,0.013907106149762543,0.026348389024736078,0.0108195728748245,0.007935372080942938,0.006341883447111543,0.007927542012538756
0.015220180412405795,0.02457495569043193,0.0016431282937275674,0.020701667777358893,0.014830487284915771,0.01659825846662351,0.03497051837215508,0.013470181208775165,0.013781841931002762,0.01715561124073144,0.02720519270582057,0.014332064230305655,0.013632376559973021,0.006819875132731064,0.013644283938641866
0.016931846278147485,0.02390998103455763,0.0015594383226785501,0.01985914518166169,0.017058001342094314,0.016901515637558488,0.030563840063735775,0.015821340762493544,0.015705198829959428,0.019477868131551952,0.029608351774678063,0.01672883623547888,0.015368909006852519,0.006499076867633607,0.015283177178743612
0.022198230394795345,0.023816109332393087,0.0015536540812268235,0.021200823864844776,0.021031526417146583,0.016844333492222537,0.034348618928322534,0.017857003696778912,0.01733896962479073,0.032456145014584964,0.03265828887502533,0.020373055876369492,0.01780736447807396,0.006475546634954259,0.01780276374232407
0.021987022902501714,0.023124533022096022,0.0018925977777465258,0.024942369308811996,0.02396905192932739,0.01655983928505858,0.026696882727110915,0.0184487375387569,0.019191150248772115,0.032747991119271215,0.040093180245760786,0.0227940367805916,0.01754276529466064,0.006995648030052618,0.017530411609580084
0.02098498329212125,0.02479953927584128,0.0017707445200490029,0.02023631251859458,0.02293293814638439,0.01676640142848114,0.04287075475384823,0.016486102839417222,0.01801120428843379,0.03050463970085169,0.046508590907159676,0.02176509376248978,0.01574834960231326,0.006691721599809067,0.01571342677067827
0.019790787999902946,0.022873842153496686,0.0019357355612975265,0.024962790756785695,0.02200104570535798,0.01625388883747022,0.02494700383384378,0.015866361813648668,0.017409166388219842,0.028161335092290865,0.036392987855795964,0.020692160058663155,0.015108733058596282,0.006700961750020222,0.015388284525592336
0.01885308667270868,0.02540576327340411,0.0017909874482138527,0.021384564529316835,0.022846775539858005,0.017041491116785563,0.042109210838326,0.017278291078616215,0.018924776140610503,0.02870464027408542,0.044092111824815906,0.0222187765479414,0.016791756169780535,0.006514416386193292,0.017418866612023715
0.018021533348000593,0.026197987832635564,0.0018269506404024255,0.022741893202997153,0.021475385492794184,0.01708218266208473,0.02878549278743233,0.016805420078927498,0.018365310255708586,0.025771046919930797,0.03775008936991493,0.02107409830749808,0.015693385734054377,0.006743190712946048,0.016092530539341014
0.01808308424654647,0.024396951258551076,0.0016943148067904712,0.020357995615810486,0.02042245510751751,0.016882922839970428,0.028292612835336958,0.015429629382135825,0.017045239216146937,0.026398190595956952,0.03657618716811716,0.019813245569761072,0.014747476101442397,0.006506839794128694,0.01523860055455189
0.017015619594771346,0.02382228211171717,0.0017654077353330866,0.02083230111497404,0.01915456822569939,0.016561876754882066,0.022851218459599688,0.014519799667058709,0.016333612125037398,0.023154862918110038,0.032234602645127834,0.018680682185739438,0.013575776213851778,0.006723434989153647,0.01392382270791581
0.01883410841544431,0.02532833363576586,0.0018505438772688123,0.020719248451987873,0.0194598673407672,0.01729588263296946,0.027974247717397076,0.015761638090589968,0.01706178001364486,0.024065016513376745,0.03407315878994328,0.019297053357528925,0.015987443372658297,0.00718266963885372,0.016216370260718673
0.01751710317920041,0.02463578081632667,0.0018134696696347696,0.01964762512136508,0.018981825909912844,0.016506332109511232,0.02070048404353838,0.015066047201643111,0.016817536506195482,0.021030767851459818,0.03184934519210538,0.01871798317807471,0.014148537004129014,0.006850772774382772,0.014211161732904414
0.01776385744316794,0.024434045942609065,0.001848744849414858,0.01989352762659385,0.018703692635669088,0.017395152061100302,0.023695929473718437,0.014350940167748094,0.01573405612377761,0.021993005186645962,0.03252049189267772,0.018080256725657065,0.014416078120487811,0.006727775580241371,0.01465793440030566
0.016721562802658053,0.023177682523803235,0.0017793041497408983,0.0188629449215946,0.018603108248064028,0.01656939585538846,0.03514268160061933,0.014084669332179318,0.015835284086130642,0.019668059806477324,0.03597848495253857,0.017799738343488806,0.013097832039685144,0.006623833412590542,0.013255053546995117
0.016199156918216166,0.022517988816616475,0.0018553193609331337,0.018844027011994006,0.01670440537028735,0.016658746104412793,0.020470466956494748,0.012534720090332262,0.01367428107470036,0.020180137279040725,0.02972616266577671,0.01604380393076493,0.012281753721411198,0.0067842982017179265,0.012470182936439762
0.015366285804070559,0.023711251693527564,0.0017664656643221757,0.017667278381525237,0.01672725245832343,0.016223476407562096,0.02612889201126328,0.01210430392488906,0.013692548745625857,0.01787996226912772,0.03378207018875277,0.01581585656281387,0.011193315487459214,0.0065663662460287145,0.011345301195477022
0.014788246413560701,0.02215617928472702,0.0017128654071914325,0.017768816614449616,0.014764807879373232,0.01608362068366079,0.017156039472578336,0.010762067065006622,0.011910741793805024,0.017885267476495558,0.027022988358350254,0.014089073944532,0.010657502651978292,0.006418781896187664,0.010796900239375214
0.014771443287894101,0.021806247354368837,0.0016318012605200589,0.019777331362482255,0.01611836787159028,0.015791068967822574,0.01999897557113782,0.011136816619455692,0.01308434793732257,0.017416749452458292,0.029444613203144173,0.01550562948767358,0.010553527485403114,0.006314601539203414,0.010683620915442423
0.014092080083011055,0.02111678247065011,0.002005792786764102,0.017019616367823533,0.01490232329493944,0.015594403325654451,0.022228125488480067,0.009871216210265318,0.01183777728642392,0.016584261804025224,0.026236927621601278,0.014242099837011215,0.009525445210638485,0.0065808095432251966,0.009623375168847384
0.017230628530510363,0.022492391744398918,0.0020552470715620315,0.018643480065008395,0.014810222786372158,0.015331673380194439,0.019376213270775725,0.00954994799339143,0.011867042286082709,0.015357529016459738,0.02784316129564527,0.013766064472236694,0.009175598810489339,0.006747055034228181,0.009273444239871746
0.021836640257752272,0.022453421800133384,0.0022026054105061085,0.016788169021936937,0.01497894039449733,0.015299450987757314,0.01885713486551828,0.009382441479548843,0.01195039510938821,0.015466386189934846,0.02821960252449491,0.014170535800439197,0.009316675460518911,0.006823479263352983,0.00932644479503476
0.019614887655998156,0.022056084470519585,0.002049482012049508,0.01730921085425667,0.014431271322717735,0.015285952122177522,0.017744983209028384,0.008876211272551025,0.011429098087125857,0.014254748218571776,0.025807596667167632,0.01347520187613093,0.008455616027446723,0.006587928335159818,0.00846171979053228
0.019549695918654065,0.022477536177868046,0.002113269624698006,0.023700888076971592,0.014904474841342876,0.014951679329146894,0.018966381496262154,0.009780476997084574,0.012923829576816967,0.016731677168352766,0.027580641052787826,0.014628540192350974,0.010055028513118127,0.006575493780237731,0.010149658817381512
0.01821403245503161,0.021163841364983144,0.002027212905161618,0.017169684211603753,0.014711359278610473,0.015059094012323271,0.030861329190706194,0.009468946870405356,0.013022077972465936,0.015336162823823789,0.02532398440407169,0.014274391369874935,0.008981784504504648,0.006666957540758641,0.008991628598920876
0.017310285071815448,0.02070968174114934,0.002087776393324921,0.022264230045513825,0.014573254998242113,0.01515022668447804,0.029422527163108034,0.009095226775832242,0.01290195240949395,0.016778939209548257,0.02852378722193549,0.014394133569650183,0.009230278467995671,0.0067455769857876855,0.009304455793293294
0.01702470517884526,0.020109110700211433,0.0019985547014704052,0.017405607211687178,0.014779234431197632,0.014756017044561635,0.06479841248644579,0.00888017463182421,0.01330358800182645,0.01596803454491985,0.027813805894894916,0.014277951121975607,0.008343595058727494,0.0068804919318753025,0.008374470451991385
0.017049585196371154,0.020131539601606442,0.001946374801025893,0.020695500499944633,0.013071307342567966,0.015511643724066028,0.026158687971764946,0.008582074570511761,0.011198710197256488,0.018225483945324247,0.025372389480561256,0.01270522694596704,0.008588123106835398,0.00664631091295445,0.008740189502426323
0.01770499650648254,0.019216075946316562,0.0019212794002344555,0.018305850724988165,0.013784584266408271,0.016021714442876863,0.04137517148646592,0.008455594946999467,0.01173238263162639,0.01697204825699318,0.025180549195946082,0.01316038897902164,0.007810427651978685,0.006578511453174114,0.007912488532910041
0.022061877031183088,0.018955065374245433,0.0018495931554505065,0.01974265838138227,0.01235522713105581,0.015396601573970629,0.02267049887323274,0.008071171160055268,0.010088569923896768,0.01764683330248783,0.02344340980662571,0.011910194519068006,0.007983756888512385,0.006402433500227075,0.00811154884130033
0.019755181621340018,0.019084960559213413,0.0017776919356210868,0.017342093930652558,0.012119211408612654,0.015607051628344786,0.028843467702421945,0.008038732834061358,0.01024974752642366,0.015839579810371998,0.02435449090062034,0.011668776343384922,0.007419062733472731,0.006388266569912149,0.00751770091226587
0.022948636869741638,0.01957462266644487,0.0017231680175405879,0.019872673288121784,0.012633103234024555,0.01514762275814908,0.020496172012437586,0.008506196730564342,0.010275875301249631,0.015962236488832868,0.025445448176370192,0.012152547160455121,0.008675612156812335,0.006222267067977563,0.008858814592836894
0.020757431168965133,0.019885431329050386,0.0016616487274015881,0.016822860940058578,0.013041877718140069,0.015051571125458033,0.02298321995226966,0.008493184161136692,0.010775227415232054,0.014870594326691687,0.026546036252927157,0.012376499549829412,0.007879237867606317,0.006106853747567849,0.007957764787963445
0.019803196795609365,0.019190352588279287,0.001637452699438045,0.018213761583863723,0.01158558817030092,0.01476727238061526,0.01751724883678734,0.007356375066696873,0.009110099451056317,0.014600544374397815,0.028062353265545865,0.010925734673189842,0.007330408249536275,0.005977683060621035,0.007427328751119866
0.018672915565208954,0.01869689921646413,0.001633548337118501,0.018717695864757227,0.012280548546913121,0.014616980902039818,0.018659349764946737,0.008036244148834701,0.009978550375408693,0.014027720136198461,0.02449883551872125,0.011324258537049664,0.007808584580913991,0.006106605095567235,0.007903664030854024
0.01820084196680763,0.019420095532322882,0.0017174508976757008,0.017854082048042858,0.011936225054440995,0.015050036633967317,0.021197057468423083,0.008102042679089197,0.009325816520868207,0.013918679616374868,0.02637362869784643,0.010769952873703576,0.008031867420828665,0.0063507012923307285,0.008095385544007384
0.017201622900910315,0.01830176492932289,0.0016611819232709138,0.017451568310445264,0.01176361725916653,0.015121845497778038,0.019154670783588908,0.007794143695538413,0.009244653782882311,0.013058773447890077,0.024421030678282243,0.010507802880357891,0.007410860936644209,0.0061573230855438196,0.007419418702680997
0.01638658993622288,0.018049925004511653,0.0016893535043072836,0.016729964310945575,0.010740522805174714,0.014813667024794868,0.017521628210908947,0.006982009837447426,0.00816025509189251,0.012721157662320548,0.0262239989020101,0.009504733642830413,0.0068935102992639255,0.006226482904233988,0.006914518929232919
0.016011323547912067,0.018089553574119895,0.002368627442780139,0.017897339012528376,0.011185182323551899,0.01490747770370218,0.016143760158798152,0.007489404005978198,0.008981020180516884,0.01247886242173761,0.025529348818718444,0.010231249216537834,0.007289235449220276,0.006882337461084031,0.007314365014653953
0.01541454207174477,0.017467321246230627,0.002180470093063846,0.015929600339038643,0.010657000893721185,0.014616336598598527,0.017495246147683226,0.0070785794719423435,0.008526740139948474,0.012075409100112644,0.030106934094800503,0.009798328326717717,0.006851811630400744,0.00660888808272196,0.0068555051089963384
0.014951288683513858,0.017167733886090233,0.0021768014153911285,0.016623359237098193,0.010371107514021673,0.014493303362991905,0.015096005068543646,0.006689685399116165,0.00808121772839665,0.0123947181598604,0.023316924713441236,0.009440097799093222,0.0064537817334719486,0.006633135579242245,0.006464018307595884
0.014377368745228054,0.017491967187709404,0.002198125799486363,0.015715579729505897,0.010091176628937609,0.014272054300067167,0.014994844074259425,0.006392222674714601,0.007593310917099956,0.011827964516771913,0.026469962465579047,0.009167408932688713,0.006238952499535264,0.006881286411323913,0.0062498129003151996
0.013927169451617956,0.01713567421049929,0.002118356351948563,0.016181732054670522,0.009905064652322635,0.014119939756482045,0.014701430441208503,0.00653642635136499,0.00750138509690511,0.012378575900508091,0.022566809018467072,0.008888056952610388,0.006547066041921277,0.006604004127471208,0.00652745722840297
0.01344863935017236,0.016705065754825457,0.0019864551529605603,0.015277295440582508,0.009530416085219557,0.013929610893795717,0.015301120862667113,0.00630994007256485,0.007425843307095183,0.011719487975547957,0.02445803914050422,0.008432767778313545,0.006293232836844404,0.006481938584851159,0.006275587406975225
0.013084247474348484,0.016473037969451317,0.0021910787505561385,0.015513341886346193,0.009357972276078149,0.013783023785169024,0.014671816768743622,0.005978857866590881,0.007363359396790894,0.01225939458464907,0.02236701578359468,0.008467699319706496,0.005981577001194075,0.006652361490300116,0.0059906846607734755
0.01266950049007487,0.016412571785178586,0.0021339528377083937,0.014541483241845659,0.009098810138553374,0.013582435362427238,0.018075252395997676,0.005897581264856217,0.0070508706742082195,0.011676871835981205,0.02380218250705467,0.008138104722446521,0.005807798693100137,0.00680400074494869,0.00580247328396864
0.01229554540455608,0.01790675806345759,0.002189816881442293,0.01461859875829273,0.008598750761148017,0.013419823697138811,0.01447373108628618,0.005698301812578786,0.006663633938995609,0.011563163420834258,0.021373108004832924,0.007699444881010879,0.005693002138266343,0.0067917861043980095,0.005705867225945227
0.012098222946209389,0.016678418482684157,0.0031866691440860457,0.014957053916630145,0.008675762423200607,0.013303045626553975,0.015574276645641377,0.007423965102942336,0.007132807632601475,0.011216783226999658,0.02230813337985422,0.007682736732845309,0.007694756686438253,0.009067853914712048,0.007746089552641812
0.01183577273679028,0.01661355417892502,0.0030916658515257665,0.014244152724318464,0.008645208666395664,0.013646857882577704,0.01414454916465513,0.008732104203820468,0.00775989668414087,0.011523586320348597,0.02126873747300837,0.007693130096795143,0.008806172489505272,0.008442817760458618,0.008766516078661917
0.011683964515777889,0.016363908492926866,0.002985073228742893,0.01577442510325015,0.008402662089830983,0.01354051274135238,0.016681314021423616,0.008539362974023834,0.007582797778584125,0.011066484595019655,0.022236911973746432,0.0074601879327517,0.008531831286881814,0.008267865261000675,0.008532963335118143
0.012778709717679457,0.016717279851563883,0.0027485964331062447,0.01748558123375142,0.010017200359126198,0.013354763267251173,0.020442437391791635,0.008847659100155454,0.008085115258527368,0.013005689931818555,0.02145151438889502,0.008799828219205356,0.008742165680780083,0.008129014828269531,0.008892012504252322
0.012372098672400045,0.016153651476601454,0.0027769144858815365,0.016034180685280758,0.010442671043959448,0.013199535289379465,0.01680666070141408,0.00845052531197826,0.008346959237720305,0.012290670269617929,0.023628178419891874,0.009198046249856557,0.008121879367940307,0.008120952486570864,0.00818322845589284
0.01225759605606411,0.01587614753012867,0.0025602892628360575,0.01629842447146561,0.009502581660060343,0.013069683609204266,0.016448821987673733,0.00770100033348435,0.007650723767685271,0.012294010412470706,0.023320594793787754,0.008493065902661828,0.007495853003370827,0.007837774058670848,0.007571161363997898
0.011905293077261745,0.01626487993194563,0.0026967173053211203,0.015279231841954915,0.009558860178162735,0.01319956496477881,0.014847267390139453,0.007713822253969751,0.007812872362525229,0.011571720184629758,0.02214008520857017,0.0084520293704462,0.007682386369450092,0.007963257185577347,0.0076857689170771355
0.011727317620804461,0.015628813464228605,0.002607171120013046,0.015847974383749224,0.009621553698259759,0.012888120705996311,0.01627677228209201,0.007204416742841094,0.007596643583164776,0.013206654000580931,0.022198120163284006,0.008552377022384303,0.0070557400632165635,0.008120832483765762,0.0070602213737126366
0.0120420274444906,0.017863227942226046,0.002564981438485002,0.014600682537135782,0.009823484496545435,0.012822940727569574,0.018298083761652276,0.0067296842852605,0.007270838822913794,0.012329754445295353,0.02187041017422867,0.008396156135955351,0.006656943648671215,0.007819246949561296,0.00668123329554365
0.01171866952711627,0.016651341135561028,0.0023954724554070385,0.015023700927248822,0.008792210737818778,0.012659377560433685,0.015239502282680046,0.006350948633554323,0.0068289856439547715,0.012562069411498082,0.021540267969422402,0.007778997618428398,0.006229254671418644,0.007615617289845548,0.006248956898801398
0.011564393788011846,0.016561725233832876,0.0023156692947615557,0.014098924881591287,0.009077367985824524,0.012594136076402482,0.01752995855693821,0.0059413935893646306,0.006637982765131889,0.01171647544768689,0.02147657507802827,0.007797706693234786,0.005881131108810442,0.007385347222670971,0.005909844108283072
0.011813031537724793,0.016196242533310055,0.0021693207340100986,0.014261628478716792,0.00841461561920043,0.012415760775939099,0.014312506043046028,0.005946390158342645,0.006501239749961001,0.011896493334676293,0.02093124418992969,0.007337218014870297,0.0058627509209436875,0.007179308167239169,0.006007410968450293
0.011458921270694263,0.016781509766321298,0.002221331905827639,0.01424489525631112,0.008730271063076531,0.01238838845702101,0.01599621042435414,0.005734091913537204,0.006803430610116178,0.011351008174920569,0.021207892710415323,0.007870885857372955,0.005587347705930387,0.0073758531289852,0.005708991870452301
0.012003517759780025,0.016072728770400443,0.0020581798299909005,0.013633112301750324,0.008413851941538885,0.01225232228470338,0.02076615812403842,0.005484022301939967,0.00658847770429833,0.012488570068873817,0.021475889914050292,0.00776772168035644,0.005424266872832574,0.007075936000163135,0.005500002030310923
0.011583450104573784,0.017575719945807235,0.0020053947400773017,0.015242916666800584,0.008386369323292935,0.012363306801931744,0.015425046252596688,0.005448387104124573,0.0062490998304696255,0.011838460519876592,0.021074767413816215,0.007443709430979498,0.00535221536654058,0.006912895720917428,0.005453626631190864
0.012985930305948823,0.01636328968027985,0.0019486259608268415,0.0133989507060422,0.008279004612546128,0.012214472690743964,0.01840494580701589,0.005573352481259648,0.006498565829560318,0.01178148511280438,0.021758300067908277,0.007308616848329845,0.005533789519113499,0.0069294486848204655,0.005603357051460396
0.01230065480699032,0.01630415549340144,0.0020749629290927702,0.014324762157060158,0.008362131523142557,0.012226165759084348,0.015781863967388877,0.00538016187600063,0.006402630767802947,0.011669530495776136,0.022734515072822238,0.007374813324088695,0.005271035101372191,0.007163497559422899,0.005322036735471958
0.012311117954265198,0.015998513172512357,0.0019307405242394518,0.013821745740064504,0.008486405798388707,0.012053574876503229,0.021843629776527713,0.005928723795101548,0.006693051965854754,0.01187616267478243,0.02205363989166561,0.007960180550707406,0.005981245544576222,0.0070299080208062956,0.006026057953449248
0.012003488391238083,0.0156316290404751,0.0018956991655211127,0.013623791243711412,0.008962488653011975,0.011977302658127758,0.014739173304691496,0.005810591327417778,0.006652375167219841,0.011786026858795018,0.02506112978615406,0.007832368237909672,0.0055980138336107575,0.006826385959731229,0.0056045317996557455
0.013064303262883598,0.01826246124320273,0.0017731879107851245,0.016289314432106492,0.011365353715578516,0.011854446331093732,0.018402869951640727,0.007743612112324234,0.009453388392518941,0.01410094032117308,0.028294647696800398,0.011244633132594837,0.008361024313109264,0.006685591248734373,0.008488132279841317
0.0129551340755634,0.016647373531186005,0.00182149574694979,0.01362458902007203,0.011897390473843228,0.011934483824715991,0.024087191788179498,0.007709666653885162,0.010077302328335959,0.013032519492686863,0.03226613583119852,0.011410047835537151,0.007462154117467558,0.006522568240986761,0.007469435278820815
0.012551862673151308,0.017894960656376205,0.001888093892041346,0.01598240222298833,0.011596221794130106,0.011809696129989939,0.018909240096631412,0.007374369196318189,0.009347822092709943,0.014408009662517018,0.02666408824292862,0.011210293987397493,0.008077836945318318,0.006914323975237065,0.008135222767690341
0.012358473509797518,0.01708748241926309,0.0018417540304085187,0.013654456336435132,0.012446517015754761,0.011872807802467118,0.021423291737020497,0.007507672993128482,0.010231437737302005,0.013555112197916865,0.030986286487970485,0.011672393850029912,0.00763223144573152,0.00660162540176794,0.007692509448865055
0.012053457754911281,0.017163993244923337,0.0017553212417882236,0.014866480743055506,0.010835326160907856,0.011684425774756223,0.016146832580887404,0.006610570252547478,0.008733419594269126,0.013348906547607464,0.02589292193444497,0.01022207751792381,0.007076410517913741,0.006548757591624954,0.0071631571651958326
0.012228449964102344,0.016567256068740915,0.0017161356912840258,0.01375107750904226,0.011686817507509278,0.011677096127122805,0.01856614830693742,0.006553069268174541,0.0089743445772663,0.013333124901393746,0.028710951220215733,0.010400416903634307,0.006615915815170539,0.006367729379727374,0.006670486994575387
0.0135794860409447,0.016802133990181572,0.0017741610818523199,0.016350458074283078,0.011677635345067394,0.01161254632678594,0.019198689753001357,0.0063074371317836915,0.00845195104799894,0.013476545463513376,0.02595165937385048,0.010315554872786691,0.006497431433819078,0.006413626754750838,0.0066249828503884
0.01299112236319092,0.01794820593109938,0.0017523222962864654,0.015455529843656286,0.0126169979043197,0.011483866475335756,0.024384449798484455,0.006932267288853583,0.009215959019749089,0.012851094624800363,0.028369724865930795,0.011058776687174456,0.006857042509672038,0.006271112645683202,0.007031474989129729
0.013344306107849811,0.01701078435785124,0.001720058593430128,0.015830006608049577,0.01231325833326321,0.01156804939011582,0.026854020936416388,0.007018335361511991,0.00906322370746595,0.013368251096339281,0.025659605599598023,0.011252253002512891,0.007153551142351066,0.006200273075633741,0.007245408487290338
0.01344431709706533,0.016792054085697464,0.0016869372568708535,0.0150897625559777,0.012288815841522667,0.011408265058218464,0.025109664020997027,0.007560199857699702,0.00950508537315317,0.012656269338757227,0.02602309293531196,0.011410121799937363,0.007493974196930652,0.006327404901708086,0.007534083115623358
0.01291603555430687,0.016706149977371954,0.0016442314482561374,0.01490516185282804,0.01120927315648233,0.011342360777738574,0.020533315108215332,0.00712875861492981,0.008564535203306673,0.012383378908249395,0.02370600800044669,0.010278018651202606,0.006983045106246287,0.0061192297072751424,0.0069923177541995965
0.013532149974093275,0.01903992729595115,0.0015877033239199922,0.014353006007634733,0.011176761468293859,0.011345429563502225,0.019222015265022444,0.0072959550266024084,0.008608688100851592,0.01180145006239393,0.025310903393779914,0.01021536568948273,0.007457356346121004,0.006105628860692941,0.0073838804936881275
0.013908728411711875,0.05246711186075961,0.0015512778597634117,0.016503908706793944,0.011844468241885198,0.011690606671844649,0.017815336282285415,0.007741561166151058,0.008779280575841358,0.013905165475818158,0.025123883263590975,0.010963135838941951,0.007709418441239896,0.005947279154821227,0.007550568135048408
0.013238298989151798,0.04080716622533042,0.0015217256124979378,0.013985379515538012,0.011788753201041,0.011491921246599424,0.021603132746518688,0.007221739952160237,0.008645643369789083,0.013295484184726515,0.023878851792212493,0.010800915562690458,0.007074308075919641,0.00588029810433019,0.006929071037841414
0.012902136904020776,0.04302493827064903,0.0015715373710840747,0.015525001961494261,0.01063739385988004,0.011613549741658463,0.015445720343023519,0.006694812658023224,0.00781365874996225,0.013241072324466786,0.023628793756019627,0.009703526295741815,0.006655231964798597,0.005876957319600989,0.006529200317376189
0.012479053991029047,0.040011749815977035,0.0015157683107247342,0.014310635290234804,0.010868125121105472,0.011434033039759461,0.017039181871807422,0.0064452417875296795,0.007923829618723155,0.012774279348480633,0.023100800944518687,0.009747039625537824,0.006379107059609871,0.005761064374237333,0.006303986943679813
0.012377956982347114,0.03857088899551986,0.001496968893957096,0.014586028487838158,0.009973471943557665,0.01141369849055482,0.016756408892400477,0.006071157886697726,0.007235973981237948,0.012906249405605303,0.02372729779292724,0.008895042741230376,0.006013476283474753,0.005772924962115561,0.005934767081026213
0.012187299856486143,0.03666274091093827,0.001574898672942515,0.014379846574807106,0.009883873603818262,0.011428845590952377,0.014989203951522048,0.006203146964054349,0.007217837427281326,0.012521682032997423,0.02232407081208647,0.00899977233161378,0.006052216820058849,0.005922807309314013,0.006004285768306961
0.011921341901428595,0.03504615941904556,0.0017424815580306644,0.013896540809880726,0.009161742308756778,0.011626821836474864,0.015332214317122568,0.005961239199944996,0.006751881531021194,0.013697583209646192,0.022285527011191943,0.008328844404607808,0.005761237440517438,0.006756090567147546,0.005696030151492417
0.01163362637197056,0.03474282140655751,0.002031129393700035,0.014114986077147153,0.009121972553144871,0.011387668269372153,0.01504454745716582,0.005605179583307243,0.0065422286193677496,0.013823235984770987,0.021730670388177595,0.008141086510982755,0.0055022161024229676,0.0072994054709839395,0.0054545098089706645
0.011567546768287286,0.03264069510989216,0.0019656015723019944,0.018741825161315725,0.008607588207586527,0.016120443805238683,0.014990291816300785,0.005755096506967828,0.006383099302139246,0.013323085418117662,0.02172511334337007,0.007696307292815499,0.005570067403525701,0.006994063512754045,0.005489042764453638
0.011632016987881477,0.03379217656297789,0.0018963133078563064,0.014858428541393251,0.0094000049392774,0.015344963550565374,0.01872252563772137,0.006360987257345574,0.007328790741193351,0.016480984844868183,0.02126889410696547,0.008796605565147808,0.006261363741445983,0.006848825333810727,0.00637011730956796
0.011448770183702802,0.03153816249232691,0.001793710408783649,0.017276502772518285,0.010628613209974925,0.015777011429042948,0.06114917862027208,0.006406778094169144,0.008576750144723328,0.015463578117923964,0.02144433500537031,0.010314805201163601,0.005992226323421318,0.006684964765440656,0.006102592158934153
0.01292508237283987,0.03070182540201204,0.0017414778147285153,0.017241761951873866,0.012602079928020805,0.015515011575606084,0.14994975720226622,0.006636694939032227,0.009172809407587553,0.01664048293183682,0.021367526663254633,0.011232191293358928,0.006608335824879396,0.006532593675047809,0.00663985916609548
0.012453664680800914,0.02968857975944036,0.001717565833247497,0.017629317421871092,0.013668022793249716,0.01562050239763088,0.0541649694742774,0.006894737723592749,0.009741060267048808,0.017254770509802217,0.023837154794335517,0.011901730892996612,0.006673898451489219,0.006448543939716983,0.006788504794091078
0.012151746153869452,0.028831033521938068,0.001670892425956791,0.0163111742012267,0.012901081349419884,0.015281359971503044,0.09319614969359692,0.006550549634249019,0.009614690131879348,0.016289692505951893,0.025777529844191845,0.011574722802032361,0.006467507659368282,0.00647119181337637,0.006557166377428172
0.022873302165098423,0.02858699478018245,0.0016196223657850848,0.016465812186989615,0.01243009355147657,0.015118799843796014,0.04172000889030394,0.006238697402530241,0.00875426895870474,0.01520480925211875,0.022242791465527746,0.010694812502017658,0.006164026053338629,0.006703670745611686,0.006208754225304263
0.02187492101834757,0.027002810788128526,0.0015712836256844224,0.01555518131347659,0.012693824932988833,0.014941744698333113,0.05850938663174767,0.006035554041771081,0.008875514659951587,0.014975156478553084,0.023777633761593427,0.011085886612342865,0.006149126754709807,0.006455190230250794,0.006142183543015333
0.020637659234369717,0.02612143128153952,0.0016828170274925443,0.015481735499346106,0.012095298862052784,0.014887168258451653,0.03604508606538557,0.006057205134598786,0.008277905809029824,0.014020509701714493,0.02203410476711273,0.010501697002615424,0.005966783514227843,0.006482021982674768,0.006033870851042516
0.019421067881513928,0.025044301781778203,0.0016210881335933266,0.014745791281651677,0.011492441133004305,0.014899005925098385,0.03987174369149363,0.005817999432970824,0.00795262803485843,0.013457299752074802,0.022245743060246036,0.00990110399833568,0.005775225086402158,0.006286262644862995,0.005827992215540296
0.018710298507406985,0.024511660156348293,0.0017212412746833768,0.015373251923744082,0.011042257964649591,0.014563583114742467,0.039974717830964714,0.005670754107972016,0.007524772858303851,0.012912733763026435,0.021319731640189885,0.009476723152688236,0.005586455369787295,0.006335948708604571,0.005592460818964754
0.017594280211023768,0.023443536343004202,0.0016255508315146932,0.0141702574498407,0.010295501056693999,0.014431653524679715,0.028786546936887453,0.0054091444936749025,0.00712012023639261,0.012549932458957929,0.021544629464938972,0.008843829271808228,0.005360715352182985,0.006151272801504645,0.0053748765657748035
0.01684142522326966,0.02313719634959802,0.0017205216676123617,0.014460587634794525,0.00993357268672569,0.014197286156628375,0.027563868803053736,0.0053022110443320045,0.0067733185150468354,0.012006332222076626,0.020944009076927016,0.008481695059641777,0.005242985568044929,0.00649373595153279,0.005245270642280166
0.016033457635504744,0.023192347840636222,0.0017494602914519988,0.014069169600149659,0.009850450242379502,0.014022025982626364,0.0229999801857367,0.005960059041015971,0.007016596686655644,0.012006790147374128,0.021550697896847847,0.00857385989944707,0.0060503465196099,0.006563948448780563,0.006089031649092912
0.015366098040234692,0.022068649129686736,0.0016949039016547597,0.013822542334449078,0.009740258628444319,0.01382403158589526,0.02297645804699637,0.0060739348042438855,0.006900676996015395,0.011947588826146282,0.020926632805649353,0.00837271615500204,0.005991607342635517,0.006377882444623264,0.005996984428251515
0.014688865396952794,0.022355246739679095,0.0016384245134145,0.013631267127260102,0.009196042166929664,0.013685911593110132,0.017927147593123024,0.006063141271625078,0.006657020151030411,0.012330519118591914,0.02138845426688337,0.008021466209789382,0.006155114076289504,0.006270721209609561,0.006175561137753586
0.01407702343054148,0.021165618349370367,0.0016296286577774635,0.015292522673882218,0.009828253662667928,0.013600913648606452,0.018056998630524873,0.0066496556072248815,0.0074640096909442556,0.013024035197984764,0.022052042035417333,0.009172366204522251,0.006843539430717455,0.0063446501875008806,0.006834699119187575
0.01428738804704115,0.020802802042270585,0.0015625455052499552,0.013550733782964102,0.009418563595961325,0.013536204727232904,0.018189292530842123,0.006897776931979085,0.007377716106038432,0.012350429747853513,0.02160017023451271,0.008876881725280067,0.007050840482933621,0.0061470381304753975,0.007033877163487562
0.015014061726458736,0.01995427955103908,0.0015656631257072514,0.014574999157131254,0.008957504454929582,0.013521455610582022,0.024768529408356707,0.006569515069798491,0.006886833103961615,0.012039666422069035,0.026264685921696236,0.008272042151437325,0.006625279372977994,0.006038054320976811,0.006582898801603629
0.014673553503431682,0.019904496351773774,0.0015515605174640278,0.013211627061657611,0.008669679867653496,0.01326653948100756,0.016474143977700445,0.006127457521538,0.006617626240849569,0.011926474645019114,0.03142616575775922,0.008032565950775124,0.006237980440068558,0.006211548370780876,0.006213245875629847
0.01407677805789884,0.01980598095533447,0.0015243804802775852,0.013837411481643143,0.008332288081062606,0.013298144755134156,0.019055774836068753,0.005877791759849046,0.006279823822442573,0.012114917980105017,0.02461571583437649,0.007625264420935534,0.005914683502162311,0.006080796806410196,0.005887110809094673
0.013542270057120031,0.019651155683932307,0.0014793384871215434,0.012825288056562873,0.008151024208086171,0.013031874202259808,0.014715991044099614,0.0055733776383219205,0.006096772536962404,0.01208077868772069,0.029812395370802873,0.0074838926436046884,0.005646156890837043,0.006058633484503818,0.00561281450816873
0.013059295924222865,0.019177229400749084,0.0014426057230964844,0.013149766455588846,0.0079046483436134,0.012954981793290597,0.015969501971811077,0.005478120186594679,0.005834414123137015,0.011750417408396526,0.027177376336955317,0.00717659212489081,0.005470982219176166,0.005922960433511621,0.00545619809760867
0.012647881738896565,0.01918136587302504,0.0014047698740905171,0.01310001908489407,0.008371524702308855,0.012894407922880496,0.014333853969539102,0.005630393442439235,0.00618553139946693,0.011664783682653232,0.026967506196789687,0.007582894701524611,0.005696581433012209,0.005835003569758365,0.005735451781265741
0.012495506965543982,0.01922602717509114,0.0014614261497614656,0.01368662957237979,0.00883741306245707,0.012817394174543507,0.016250854048895313,0.00608435508595597,0.006609922841317564,0.011886623795484283,0.02554388224748026,0.00804027490858308,0.006199623949340607,0.0059510450815282315,0.006142855864327093
0.01231441166559737,0.01845781033612658,0.0015238681981725823,0.013105300634695092,0.00846673534454171,0.012629004087214443,0.01757357068508801,0.005817344675445282,0.0064025209080395724,0.011579371234528174,0.02472396360670058,0.007775977272029887,0.005787676155247425,0.006031767362665531,0.0057270977893109
0.012836731566352733,0.018002713474151336,0.001497002688208543,0.01396951005674036,0.008658332159719445,0.01250923620004476,0.015292724596564576,0.005841166046287272,0.00680376148304447,0.012596022935188245,0.023855616588174894,0.008240884775733872,0.005863575159134946,0.005870435290574322,0.005841265890373458
0.01257005159623446,0.01758953174978768,0.0014695664451756807,0.013124044221935437,0.008534367984990876,0.01235941856905045,0.015147878401077002,0.00601273046765197,0.0069429113181023825,0.011846205540454966,0.02342943211360639,0.00818706023261222,0.005941808169675159,0.0057983579336209545,0.0059210857683242475
0.01269283023902498,0.017367302660950074,0.0014256412560410554,0.014897749422955544,0.008129580306890052,0.012233910239294805,0.01570048107046332,0.005679690209584009,0.0063395086903465766,0.011752172662876998,0.0224636046874041,0.0075823396650089294,0.005616676737015963,0.005718103459628698,0.005589466182106904
0.012234410268812,0.016811814480367223,0.0015154715088875573,0.01430290016020625,0.008081573684658817,0.012384373482388194,0.01758564086437006,0.005505777634076491,0.006368777935471314,0.011492842339054437,0.0222700321747367,0.00770738750030796,0.005489950529562706,0.005851481941214308,0.005444371887221333
0.012266623449626328,0.016633649421167115,0.0014492700271803477,0.014636881167331023,0.009444831520219354,0.012298725012402359,0.024506319829682193,0.00551459605952112,0.00687554189929564,0.016175943695533337,0.02248925131110721,0.008829397613640136,0.005474158026329446,0.005733321756025787,0.005457141405094892
0.013487785105446189,0.018363516494059994,0.0015129508252406153,0.014518385306874293,0.010293624651215097,0.012190161440848122,0.02428716549230138,0.0055678850548678905,0.007334863265716529,0.014198884420947869,0.024307206707306198,0.009486124568824977,0.005498779472497881,0.0057281132034942015,0.005470094741774512
0.01316514393757745,0.02945107500985308,0.0018658664850296441,0.014113482412297143,0.009667869620748339,0.012534489226634667,0.027451995158424714,0.005531011190937967,0.006764569510056536,0.014499573620074873,0.023899281555636,0.008947471798996546,0.005388284522099376,0.006115323099070677,0.005414892172086638
0.01377541303447503,0.026203408251230166,0.001755414389279896,0.013840605855333109,0.009417398918388194,0.012251262306246832,0.01900856587301668,0.005366413945251333,0.00664964483547125,0.013482178645603153,0.02278420130627089,0.008698210836574616,0.005178125631092237,0.005962384133710669,0.00519520874772644
0.01544909596818067,0.02856310363795498,0.0019050836286157056,0.014082793685087913,0.009083492181584114,0.012372708495709544,0.0204640012353864,0.00522566799472369,0.006451958842613847,0.014643290266949868,0.0226664348489975,0.008433332096156593,0.005111212028977856,0.006248960246920205,0.00517608260367235
0.015175294944495403,0.02631569214614697,0.0017798231844625744,0.014511357198762896,0.009206340016820122,0.012111365603134507,0.018691087742494276,0.005070043721507663,0.006459111209959584,0.013236529524835155,0.022776783511002003,0.008353232832011703,0.0049414781747537705,0.006049829083343799,0.0049873718669199004
0.01646204577503312,0.026746010914790383,0.001763341122823403,0.013813506332271934,0.009370875212211877,0.012106788550595994,0.02373953285767291,0.005318339928360509,0.006329153203194458,0.01369372116629217,0.023381932488608675,0.008508950480171326,0.005288328401375546,0.005954524356973698,0.005288449517170058
0.015942508932970615,0.02504712040795007,0.001768034617782161,0.01384790915113152,0.009252495319514706,0.012103455278544775,0.01632973521283077,0.00522347591891297,0.006430966088495728,0.012533464082552397,0.022277743649215354,0.008495450599279915,0.005054552610137314,0.005989336496170276,0.0050348624704635156
0.018171960404903584,0.024468942352910347,0.0017179611425247516,0.014460637392278439,0.010172725960992583,0.011921577213075654,0.0184138255096606,0.0055744557089862,0.007252520318733854,0.013342112028386232,0.023183471615413977,0.009602777043467174,0.0056120861320328955,0.0058295976374058344,0.0056900462919549765
0.01662785501748416,0.02496895519286869,0.0018508521463960678,0.013470660741522998,0.010482024899096354,0.012065946669872683,0.016518040133387615,0.005877828236201268,0.007811307342185643,0.012607985106250537,0.02230170879479365,0.009937975928652977,0.005653022644499018,0.006480418817531701,0.005689924232694041
0.015982809815327653,0.02350700668067396,0.001852943624626054,0.013803618662509358,0.00941828783615005,0.012140384614838462,0.01603051690376855,0.005508823709242723,0.006932855725767545,0.013668995731453564,0.02266558865678833,0.008983851655756575,0.005376098815840142,0.006384058986574618,0.00540422388188715
0.015320144187487497,0.023144225650517006,0.0018204451558065339,0.01385233808514615,0.010161969507394373,0.011916627896099461,0.019258665234445242,0.006022907565309518,0.007429117195475941,0.013800144900165711,0.022365069550592077,0.0095269591287598,0.006056438506916049,0.006362463211045265,0.006073680448442185
0.015249280091806816,0.022387277246871614,0.0017459556962546984,0.014589761384650816,0.00968453445890154,0.01185799110530821,0.019807382053649358,0.005826036055225771,0.007037236141582084,0.013413282435883633,0.024341385155400033,0.009172068337044644,0.005702057018483952,0.006186284839376002,0.005677330325891
0.015134905572000106,0.02157630765749231,0.0017550305399634612,0.013493120570826644,0.0096510893098822,0.011873861690463804,0.02123871264727888,0.0056537146331438895,0.006838636659832435,0.012684102145547597,0.02223129200205708,0.008855541129181159,0.005755803105395529,0.006103756778376358,0.005752455918418051
0.014472685941072943,0.021024695801276843,0.001699429571908012,0.014333392576714952,0.009031124898032272,0.011687118806424033,0.019296555479413408,0.005520756279441659,0.006399081419761667,0.012369302797574186,0.022726920837218986,0.0082507791347255,0.005502634330010927,0.005968678830608284,0.005509534121189094
0.014286839337042436,0.02052110450408946,0.0018610498685766776,0.013063260960068476,0.008951879414303431,0.011668571074975105,0.017223668585577005,0.0054992059110435705,0.006265547937004725,0.01198127670197123,0.021588572736979814,0.007982782884522447,0.005539664610081341,0.006187101111809391,0.005540708141330659
0.015159945018092282,0.019770206144077724,0.001756233775960479,0.014007323493381203,0.008830620929620548,0.01152522890245954,0.018070048922910687,0.005494450736350596,0.006245915294549173,0.0116985657125883,0.021896359659770975,0.007964600420160754,0.005338166548715012,0.005973161514996708,0.005330890916916211
0.014241958991148863,0.019171460867130806,0.0017184360176990502,0.012709963946531339,0.00866429105199295,0.01149449339360423,0.01831269306937866,0.005233733869478277,0.0062252777464571725,0.011319750891337865,0.02455548730813941,0.007818231219630621,0.005143404013406662,0.005921099334909491,0.0051452108409880005
0.013880035295652331,0.01884992148155015,0.0017749985919947387,0.013256048108073322,0.00817654560237537,0.011359273410550475,0.024444810982798083,0.005317921542030928,0.005876335977815175,0.011673548632440517,0.03002418140115409,0.007324463019071742,0.005097810343524458,0.006164514477943762,0.005123241960223876
0.013558208950174963,0.01833075074926801,0.001806707272255305,0.012365490556514085,0.008095754191733964,0.011292888011052429,0.01904327892507948,0.005099979120262544,0.0059726481878481855,0.011360781805442905,0.025591305485866234,0.007294983419599281,0.004963281857487219,0.006197252889034229,0.004953914928222714
0.013561544073389489,0.017832556822850263,0.00255163449477574,0.012679212586023968,0.007864888703812698,0.011243228895215592,0.023511726885911917,0.004942497070849609,0.005615197196621711,0.011178720453315643,0.02685665783091193,0.006928239911103414,0.0048244149578894596,0.0078588761808194,0.004816980246447261
0.014635809621533866,0.017467807782772696,0.0025070726588375418,0.015985332425853642,0.010285903039926231,0.014396296230381992,0.02183351031192005,0.005872702308747284,0.007874867866746633,0.013722047140519429,0.024783966926843926,0.009946567320279676,0.006073708907056135,0.007497537754524982,0.006197263227812111
0.015101994101780767,0.01792075168371035,0.0025238566496155013,0.013065612417210125,0.011327021463026898,0.01312024064579512,0.024202222452603145,0.0064019882823579625,0.00889257384012424,0.012854983247706302,0.029345233176055245,0.01103649051673603,0.006306520153410143,0.007724644047180178,0.006365803171040193
0.014325467074923902,0.017607293573296254,0.002327892335564974,0.01532110772202949,0.011207556917646959,0.013578466269451023,0.0187618959063868,0.005998651410694159,0.008267851730650741,0.013574586401126106,0.028602609593481435,0.010421526346087244,0.005918999145837179,0.007451097552817698,0.005970871486572478
0.0144524254188639,0.017534309786405383,0.0023554173917476823,0.013377362353459956,0.011072162770819677,0.013071707828233884,0.018134428666255902,0.005750783455588433,0.008024192547732517,0.013210878914990471,0.027035892917262824,0.010067997012204694,0.00571643899876177,0.007807199385212296,0.005750942749317118
0.02198866162142029,0.02498997374890112,0.0021896853188231183,0.022292274403844667,0.01904969150191371,0.013915277927361358,0.0197337469210257,0.01453136255851622,0.016541247249060143,0.02522191826616765,0.034006998659124966,0.018782846199894395,0.015508659012669094,0.007476860435171103,0.01589341235640308
0.019590855746045955,0.021512744392394197,0.0023465727437357352,0.014208677854087972,0.020510494089574897,0.017842787770416646,0.03386956268078128,0.017009131022966705,0.018955116064453763,0.020893239854066614,0.04484501077699551,0.019760376991813714,0.01669292630585925,0.00807489251020692,0.016514338688643212
0.022229846592393025,0.022492244072435698,0.0021491233920424312,0.021901470344473765,0.01887851000943553,0.016291176338853165,0.019620953205385514,0.01581440097690382,0.01765305625034325,0.024634975914484828,0.03755971432894143,0.01915432941146332,0.01589669834543671,0.007696778131932564,0.015716033175456504
0.021678214046880133,0.020994619831681292,0.0021172734412542166,0.01589697772458547,0.020631439539751308,0.0167326116886283,0.02314245700415867,0.015148929788292327,0.0186111780076749,0.021640434319707483,0.04346723912786307,0.019922661267208437,0.014522195403887503,0.007502547026061508,0.014352499044165372
0.021486440033374944,0.021981344258852606,0.0019620936106446267,0.021819534901351245,0.01971623984604018,0.01608767602467807,0.018826377600997105,0.015647182261371087,0.01766361835759742,0.024364259521558948,0.03969776156553488,0.019594404043790762,0.015940917292064972,0.007307143269795473,0.015731515569869407
0.02006667150111584,0.020604124707632464,0.0020494709170610966,0.015992950854243453,0.020728138976730582,0.016850427237044198,0.02935921065777988,0.0149052463437569,0.018272756693050615,0.020527201011738692,0.03974445310583994,0.01970699050918018,0.014072744337035155,0.0073015355463231105,0.013817798902619803
0.020898529273339853,0.024293138540173342,0.0019046550955931546,0.02194186727242537,0.018783032003545964,0.016044750907815562,0.0186505906901173,0.014133961644121347,0.016713005430412237,0.022136522848308075,0.03381589646795216,0.018745817252860328,0.014456801320930378,0.0070488699923619245,0.014243304641440158
0.019836614311657553,0.02160435331604886,0.0018910283656306287,0.01607476808675218,0.019811276094217494,0.016410768566535266,0.02911215059311326,0.013626332230201144,0.017485765834193347,0.01870573484579385,0.03630551147216749,0.01899065005570287,0.012859932446823909,0.006900881225930125,0.012635102976450048
0.01876270936731914,0.021608638035209765,0.0017632342830749606,0.01982632292648737,0.016469625776791764,0.015809639833477517,0.01707593050789239,0.011748389813893406,0.014225508118837557,0.019058931134393112,0.035485968594656844,0.01598793479404363,0.011912345106046116,0.006721324727619778,0.011726915030142821
0.01791899166368604,0.020535341332347547,0.0017995583764404929,0.01571339503313926,0.01729962058816438,0.016207833619260075,0.020702483609626867,0.011605091718471374,0.014946668076325944,0.017365582386108178,0.03341134459660352,0.01626282114305216,0.01107028564198207,0.0066149845519274265,0.011030060611764028
0.021205748837271932,0.025484065281602342,0.0019134062437634243,0.026312513088227473,0.02206079071968998,0.0181428493472466,0.021775166100891828,0.01638783888939728,0.01826544241953311,0.027343183118934952,0.047158336157845725,0.021893377033359626,0.01714757658149023,0.006791412892286714,0.017040178995955647
0.020405905810852283,0.02275946523962651,0.0018911931850917648,0.022207836948691852,0.025953802456892983,0.016957896905030908,0.04378130169576584,0.01785902154433321,0.02156459380055965,0.030909387446443712,0.05545273400804347,0.02533127580027903,0.016569342847299617,0.006646334325521619,0.01633520457594694
0.020154786990175488,0.026823918737434855,0.001891550359978303,0.024757915285566718,0.023571174172058052,0.017546954919905693,0.03208366087702121,0.017177702588159125,0.02049971713138944,0.028691445219006496,0.04387569147629293,0.0241278433859738,0.016979820940646876,0.006702614580265074,0.016863590848140972
0.020110348841922338,0.023960090265895934,0.001842746359122922,0.026782602883589947,0.024657683836200754,0.016891058537944818,0.04015632153620613,0.016661326089090933,0.021686214763238607,0.028513954995719227,0.05295300951298679,0.024784761838013772,0.015319978751838626,0.006513522667332048,0.015136496351179016
0.018769747923298476,0.027669897310063342,0.001845137545911958,0.02362336536491616,0.02203272394170674,0.01690945672116956,0.02994586197041879,0.015157538436701302,0.01943065250213115,0.02564090654696613,0.05266658304424357,0.022524606904814073,0.01509821077970269,0.006522872041185389,0.015092615303295228
0.01971522496944533,0.024863335849242718,0.0019243332564013035,0.02771178787824637,0.023200121698752657,0.016469499146264038,0.035189342939899365,0.015062719891191895,0.01999825246220265,0.026095909316813937,0.05733693613241189,0.023006241298348985,0.014124978707470268,0.006494041131462466,0.014060690616350043
0.018815086402947122,0.026156361806702305,0.0019247014249352294,0.022493454524355916,0.021034588344709716,0.01637068637010564,0.03430116592617705,0.013527545076561938,0.018166503667446883,0.023393545250534723,0.04547864198776515,0.021128505010362057,0.013403676930817536,0.006313352201216416,0.013338404160008517
0.030362637113725773,0.02787992968250621,0.00230597958042329,0.025469994139674705,0.02126035438604652,0.016254073724085126,0.024963461506841166,0.013180510129416925,0.01826707165421159,0.02209890830125254,0.04764564397080605,0.020772326856091716,0.01240785012462626,0.007152313663373929,0.012387634367871197
0.02821291123311505,0.02562023434966094,0.002133389044909546,0.02197576205726703,0.019613466891285434,0.01746088841412181,0.024799674936599563,0.011667408585709867,0.0162755855935489,0.020279640603134398,0.03807871019840718,0.01893423067052363,0.011388893298427294,0.00681960947779051,0.011391930351842796
0.026736977630553667,0.02761956275731294,0.0020870468581516877,0.023526045817068453,0.018505587439617242,0.019014017102375935,0.020702403705714505,0.011191309133677017,0.015672906312728024,0.019110605994594052,0.03930296598206997,0.01776340761772981,0.010591761947840457,0.006681149139429597,0.010608367225775678
0.026759055258324484,0.026570588640461346,0.001953470577591866,0.023962483705847314,0.019175852317831057,0.019476058737168157,0.019578236488335614,0.012980990343020466,0.016925616383700638,0.022474278105199495,0.031933484255596854,0.019395004957077164,0.013113065547758186,0.0065166799088448,0.013087666198054213
0.024684364671043416,0.02658753857370345,0.00201611637738257,0.02235023793005559,0.018756257901615326,0.01869371947950128,0.019286322061524384,0.012584496039022003,0.01692476675588591,0.01993479908443578,0.03470757460310726,0.01887159394518322,0.01159432503444659,0.006359927277958564,0.011473346496558663
0.02431975017616704,0.025150162360568752,0.002046528223065266,0.022816352253193655,0.017928515616609585,0.019083371545923423,0.02434971177810636,0.011464993186193574,0.015166539845605377,0.020703016633248122,0.03269960720895787,0.017854163890809977,0.011591684136977445,0.006572427733323145,0.011457580987780588
0.029233179621095298,0.03314073579702658,0.0020336627868601737,0.022882637893944464,0.02129024242212032,0.018437807597397177,0.022670710962241273,0.01387869380124469,0.018382709683463366,0.02076747480382446,0.03785526682455037,0.020687268011941335,0.013535969634893055,0.006597102609158676,0.013657963164341919
0.02635534190736992,0.028187488008025226,0.0019237357153297089,0.021187569207456063,0.020165217712973103,0.01839556394180132,0.025126869162899884,0.012655117149312745,0.017200812469287678,0.019358434863630335,0.048258487984516804,0.019170241774424165,0.012015567885513027,0.006393008620005148,0.012003135369963502
0.0270729035257426,0.028583817795190328,0.001873896926935324,0.021109061501410828,0.018572033995526968,0.018511301087529245,0.01849232702397279,0.011955427524898586,0.015846028180834235,0.018730907922923538,0.037771083786739545,0.0177659048835062,0.011467452828833153,0.0062576630312922935,0.011517541666109108
0.02600852250983249,0.030188751468513367,0.001769333644709714,0.020366328049694515,0.019135474196241738,0.018592424542539312,0.02101523126811313,0.011760158324462979,0.015363761554879207,0.019006158491820323,0.039879152363364104,0.01754961964917098,0.011142519156342368,0.006116114157264424,0.01116703429189086
0.02442169824053794,0.027756939329981137,0.001871029132435111,0.01959547686522947,0.01793500790258859,0.018317354081140533,0.017977803543064448,0.01072973747939471,0.014134635192033007,0.017612546093905272,0.06763977470154711,0.016337167271003695,0.010083296733638376,0.0062123928347812205,0.010097207719130806
0.02716233058153247,0.02985834716124564,0.001750001738592677,0.023580180195969767,0.021850634121170578,0.01837474811221137,0.03193886813554434,0.012101183175096751,0.017024720536563297,0.021447840576532082,0.10435262860004343,0.019293394422626252,0.012120357189589837,0.006073480616287673,0.012085717427132532
0.03024361990193775,0.02735819684171886,0.0017375657351102085,0.018838247891155405,0.022648461255190013,0.018028865755879184,0.04495330021959167,0.01382612965635155,0.0181806353541765,0.021769399076380744,0.07832048506758948,0.019952347190631766,0.013727207696682578,0.005947247953095427,0.013652817370165306
0.027305273833564812,0.02690870904196069,0.0016649581651604376,0.02170971578190313,0.019884357409372996,0.018576124865364536,0.02516762401850528,0.01264957933448781,0.016225429376988173,0.020825829647902902,0.08175558858801776,0.01795480839278285,0.012217678377463837,0.00582862778977984,0.01208272222388993
0.02745836492685906,0.025533871157620992,0.0016318783096413952,0.018648515606522913,0.019925814958823403,0.017812903329271882,0.03257438660208095,0.01175039947164671,0.01588539417501146,0.018925893286224103,0.06263215609168768,0.017316264082156762,0.011605660142051433,0.005725131540711593,0.011509604570963124
0.025528879231414975,0.02567561571768068,0.0015820818836505626,0.021546796331485516,0.018993217875379186,0.01780230004745904,0.027505436775320514,0.01229747357830922,0.015445052854698825,0.021424526137310315,0.0650640984765719,0.017386739428254944,0.012393018195534717,0.0056569930352353606,0.01222996593705468
0.023948276147373028,0.02417243522062875,0.0015557858790844748,0.01790434455720572,0.018984098667622816,0.017705204617705528,0.033451649136695655,0.011399180090129626,0.014946721084605348,0.018918184500023007,0.054050556992815704,0.016809294860933653,0.011097193288905906,0.005558279573789683,0.010907868808682662
0.025750225931806616,0.023493048031675793,0.0014948435639113736,0.023375134181367562,0.019722120779731563,0.01746135611451065,0.022470830975842425,0.013621160892314044,0.016880788332641776,0.02272179387672617,0.052171876984744125,0.01839065565086091,0.013959572642497906,0.005644140054297471,0.014012424200768408
0.02362902002624046,0.0225106980601089,0.0014818825389701906,0.017559043302360702,0.02033994582890868,0.017352760013567503,0.024968658750136735,0.013076255351379993,0.017228031349511584,0.019771590917898197,0.046316081987507,0.018305923522336412,0.012308978041425547,0.0056169530202778315,0.012215786743178145
0.022413331715689586,0.02181139764326829,0.0014267706300177085,0.021510274911342095,0.017301149135217988,0.017229954783047865,0.020515028801466512,0.01153544789217857,0.014533251339197853,0.019593275985989676,0.04364410907426764,0.015848942471981136,0.011463566444324285,0.005606899920624822,0.011496287725724703
0.023910275207492525,0.02181948521457836,0.0014950352683287408,0.0171184589420552,0.018621044806297917,0.016858961990304292,0.020881946604605135,0.011946700065426665,0.015969606101765097,0.017468287952007742,0.04164689694253286,0.016744458344313443,0.011669562886239191,0.005855560967754495,0.011526458672306603
0.027251907624647326,0.025306560349899327,0.001651182747267935,0.026425531213108137,0.021007220592599008,0.01719046498301175,0.017855995556197924,0.016849331457327525,0.019460074970461514,0.021352926084750833,0.04526629236650366,0.020571994380984834,0.01817432367106965,0.007409432586049973,0.017676370719190614
0.0249490393646163,0.023780400352213495,0.0016879582368274,0.018132339780252908,0.021763747916058312,0.016657087250994653,0.023346323232115246,0.016476810067067093,0.020139668311174676,0.0183360397897826,0.049608072899386714,0.020672876979800362,0.015725427161810582,0.006880008748029297,0.015147478257180585
0.027004686617954674,0.023151006389672345,0.0017594891224381624,0.02588556754259919,0.021751341166068947,0.0172633977028672,0.018267933516285917,0.01693514665645734,0.019311268923437864,0.024289727852303516,0.04211534789506284,0.021424503079411863,0.017892054018899387,0.006802500424553714,0.017594174897855922
0.024526487752719102,0.026585052730035773,0.001702662626058426,0.01820461940287041,0.023298625143743753,0.016514827259813306,0.022813762905037435,0.016693488826537366,0.02034833755563276,0.02233752559236458,0.051536629303326614,0.021899284449099166,0.015693038406050287,0.006709376494193862,0.01529640185596695
0.023297468205365095,0.025732760771382323,0.001646539274581753,0.023229224664221504,0.019336498271793554,0.016515192323746826,0.027116761231869253,0.013790104172518424,0.016434401896934646,0.022005301629948636,0.037022175980581815,0.018443970722213127,0.014232408699348258,0.006521185829285608,0.013952139514220665
0.021727672154256937,0.02666651173263125,0.0016305102292802475,0.01812289685555988,0.02020177702271488,0.016114913656779875,0.018705808842669782,0.013698149766905114,0.01736754699096188,0.0191795842549609,0.04300321124498524,0.01871030248961012,0.012930040642935904,0.006498690803288509,0.012728214195964184
0.020692000472628546,0.025057501922602775,0.0015882919662017294,0.02097546532447528,0.016997042756638082,0.015955508776802803,0.022757506358750953,0.01144971955043301,0.014212819179369283,0.01877649284331799,0.03097566029568219,0.015917384550644717,0.0116935148621097,0.006347596051647781,0.011528586300390695
0.022779171275492237,0.024806224354686046,0.0015561350467324406,0.018952689665353073,0.019072663211153775,0.01693610935444831,0.01615619052415718,0.01376235908520395,0.016868742978819098,0.020780047729996275,0.03561493413791983,0.018317099047229973,0.01363513865916381,0.006280774323452457,0.013574877553678621
0.02106735177108191,0.023575536977358952,0.0016347588244049057,0.021370967368415147,0.018989174747299956,0.01789381374924662,0.019503138463443495,0.014965103136131868,0.017206167042675857,0.022392710864770266,0.028942125820068082,0.01863421663781599,0.015075091527296492,0.00634442815915456,0.015222606545713802
0.02032789764301387,0.022984966974340465,0.0016371910563755083,0.018931487254634605,0.01909636813773033,0.017483795034848763,0.025195469767815167,0.0140798107888896,0.01697977993863911,0.020371281149058174,0.032117655851452064,0.017984405206372265,0.013382371555153266,0.006384754966113464,0.013401978310993204
0.022296795965091862,0.02351162118341009,0.0016895065020145236,0.01982925174541383,0.018482350371649702,0.018101556456957383,0.031713107567217944,0.013918003254337587,0.016386479801978063,0.019285408270784673,0.032080789775723255,0.01839997423276056,0.014025717688976567,0.0072541208334751615,0.014342020340164399
0.022428309358742547,0.022291254750318203,0.001696838984572162,0.018361339931917554,0.01947078553021753,0.017290675877563718,0.056823037311581705,0.01480371611756671,0.017895704004408503,0.019484645715397094,0.03956540795618943,0.01885951571225115,0.014587477919465948,0.0068937237822893245,0.01481789919793846
0.025325527268092642,0.021934361417039215,0.0016350529787770892,0.02173673599836468,0.02067163499023353,0.01727978318849579,0.03160237601802505,0.01584075400093222,0.019248699519215855,0.022117003643283298,0.032750600736398724,0.020272489020419834,0.016082057890024575,0.006753882959052077,0.016107016819664626
0.024854014137735327,0.026307281553072524,0.0015735407376822198,0.0178515723581044,0.022708273079799824,0.017940579749561897,0.05899658902928508,0.0185009855259396,0.021151445635678418,0.025732431126055944,0.03871718951333615,0.022047856652765922,0.01869744944643461,0.006725935644133788,0.019068699717504176
0.03285206181481379,0.030128711410641128,0.0017322250910760798,0.029318847098380035,0.028921332877779527,0.019445437496008657,0.03431146708533469,0.02542380254597517,0.027371783790640643,0.033637421149109094,0.03206760499424937,0.02889354200875308,0.026870824026301036,0.007223093049747482,0.027123207342399973
0.028948954177992856,0.02703256730815812,0.001789153214037698,0.018544212692359622,0.029866402084913837,0.018457701042608802,0.06674281064161126,0.024476358125162866,0.02828539391221044,0.029019403078986886,0.03750887598708856,0.028790329780125624,0.023390713170534164,0.006863646607141607,0.023447474825592646
0.027499723953464717,0.026888992281259134,0.0019061443626062719,0.025999639225153994,0.024772771971000543,0.018655101900494565,0.028461958884609853,0.02076160275802489,0.02322448032438217,0.028105108506112676,0.02898325153658045,0.02428093599792264,0.021181841044178463,0.007145281632388079,0.02134273841744717
0.02563585285206464,0.025391063581078267,0.0019896893634440155,0.018442032337558895,0.025555503314508416,0.018268162912207647,0.04279469855109083,0.020062420444911425,0.02400237252921555,0.024677813163060523,0.03202207366845513,0.024314865408306817,0.01922692093242816,0.006925299263015458,0.01940575150857135
0.023968111300516216,0.024606097336931355,0.0020127487931634273,0.02339252788794199,0.021303214767620312,0.01809826820478738,0.026918098516446144,0.017151422559852286,0.019858863117606238,0.02378890801511101,0.026020930766577254,0.020653686743982366,0.017234005720589994,0.006917074735001798,0.017415512057741653
0.043581405434849584,0.03923937710280257,0.0023407643770169285,0.020669319352660028,0.02713669758226286,0.019359844572199532,0.03804864312240147,0.019384923797951217,0.023357094695932876,0.025532615557656433,0.03390812731119246,0.02384769450942706,0.018996203191834794,0.007444270021593515,0.019203380709004188
0.03954341878733385,0.031740321537844715,0.0024459555480168256,0.027522377180317404,0.029188769620725263,0.01938665103331079,0.03242620644578203,0.021837523227270568,0.025223892729960225,0.02862463119308365,0.04057124978315641,0.025988836629141733,0.021855078801560998,0.00781857702327744,0.021852970343788594
0.037241942298017035,0.0334641038888728,0.0023893025070168077,0.02022550713612005,0.028120249269395076,0.018858183702312854,0.041483914613448386,0.020549542102550507,0.025016989720265507,0.025171399398762652,0.04081854395923456,0.025400125989714088,0.019417250742022666,0.00749043833037735,0.019289158403921033
0.03491101092413891,0.030842434020794604,0.002304759553491828,0.024742064952566634,0.025245119920512357,0.018721000304849484,0.025692615091574028,0.018089849083508212,0.02183577070495505,0.024004343719765963,0.04027782446352553,0.022393753975215865,0.017897459679714716,0.007337722547470666,0.017887480991037055
0.032812164052012996,0.03290945218398877,0.0022340667314757288,0.019519443352695724,0.024450635652421702,0.018343505093403885,0.03554818098174962,0.016983962681281616,0.02158572973942147,0.02183023857238041,0.036120094014375694,0.021716371895315296,0.016090958425301952,0.007129982040473789,0.016080120090873264
0.030429079912181106,0.030285601823682406,0.0022480261879203787,0.022341709794267316,0.021845899448870994,0.018281206287741106,0.021846425603694784,0.014776867543489178,0.01860815453474714,0.020848170111081053,0.03421312812695022,0.01908535938558203,0.014528844615276686,0.0071815628065877955,0.014576728481927384
0.028620584682891206,0.02949942192260659,0.0022277736548965807,0.019273783662097605,0.020961798569855045,0.01782353052517473,0.024123337863110147,0.013871917921616348,0.018329723714138196,0.019043166147744133,0.031585694041579335,0.018427212594129955,0.013088023563563313,0.007014096155202619,0.013157507177761879
0.027237481950344592,0.028024994959729467,0.002139950959963048,0.02091625950060418,0.019108505605041574,0.017921647156690895,0.017782532231832033,0.012343352776440313,0.01609495136231302,0.018328850672053514,0.030513822302291188,0.01665293989980111,0.012220229873193107,0.006903934539243156,0.012240865066468794
0.026142221076232226,0.027809205685655453,0.0020339101727427753,0.021412541261798753,0.019338384425535836,0.018011842373984687,0.02059718905465628,0.01232159330917514,0.01657989536575045,0.01964223756183643,0.027508814314446704,0.017332675130073204,0.011950478408629147,0.006787141972409891,0.012032771744379132
0.02455778478463442,0.02710798307633522,0.001939278181339319,0.01954464222900813,0.017710220345706927,0.01750583843015084,0.022886905352630077,0.010972628399862273,0.014674722318060378,0.01789973404149428,0.02686954576304728,0.015725423312478403,0.010764559102220341,0.006604411691528216,0.010808596308401525
0.02300360841047636,0.02615488619744074,0.0019060195969821422,0.019890794684611465,0.0167986940683714,0.01789260847053258,0.0181605368633134,0.010517105150708424,0.014278485097393025,0.01707638090899132,0.025348757486291527,0.01495631186286609,0.010236846659445669,0.006445341002584992,0.010289149917684783
0.021610020256180865,0.025882470647837504,0.0018406808591408096,0.018441673961649897,0.01613025194367753,0.018069360725178715,0.018023155114012132,0.010591367236686286,0.013362874781972218,0.016530471637246347,0.026500418646049982,0.014031901255903872,0.010745282828830003,0.006472962151853212,0.010831536637079317
0.021987420396341918,0.024802669943149346,0.0018615297309069233,0.02074826101280896,0.016738156041204523,0.01750791800054396,0.017854693169414897,0.011441990494541832,0.014380622775711569,0.017321503481157165,0.031054087500449485,0.015236517239205051,0.011551553599675975,0.006569691324983068,0.011558523365903748
0.0203189818143869,0.023903637823183287,0.0017920362350669799,0.017643322868053375,0.01576612606519662,0.017636410418144094,0.02034745602823742,0.010496233753091201,0.013372662438732969,0.016089804299931718,0.03440242736508541,0.014400065156149482,0.01033803421298783,0.006350118877058389,0.010298111159120143
0.01950881475504699,0.02406392062534364,0.0018752030280201875,0.018978084454885757,0.014717365567506697,0.01890721837005328,0.022361646834756273,0.009501322417362347,0.012280077621755299,0.015540794527495273,0.030613013248459674,0.01319089716253388,0.009456586420540874,0.006498424671747303,0.009450007916551663
0.021315670069428548,0.02323911214092066,0.0018195864482363794,0.017572671431397735,0.014824484200908837,0.017722602956413015,0.01900175100941194,0.009195221361212676,0.01210625398373806,0.014665961031641363,0.03713036953622645,0.013111639541656466,0.009248964724993198,0.00642284895464382,0.00926541088529885
0.019836946432175488,0.02235362443241227,0.0017634157552611932,0.019062852738525215,0.014773283296951751,0.017897254931849994,0.023006798933964054,0.009174229315046672,0.012079102577785604,0.016128810196491115,0.050428911925059064,0.01299420694373969,0.009202190189289649,0.006259603874530241,0.009240410929928262
0.01924733330087743,0.021660188064909266,0.0018077334038632063,0.01707429223279737,0.014664876766277347,0.01736536776903307,0.018847307446585547,0.008619186222411965,0.01153840758844283,0.01677064378632823,0.07456896948769787,0.012930078300721865,0.008418407496944074,0.006293352953710211,0.008430842365283766
0.02898370807718095,0.021458829122118165,0.0017555686631714215,0.01966885335113437,0.016824695791627313,0.01734472674572517,0.02652889789059595,0.009870466158901286,0.013375572027790002,0.019759006429422823,0.047458087776672514,0.01465259059093198,0.010130397032026348,0.00611272084864757,0.0101776466455606
0.025218764724920368,0.020803063357208468,0.002342158695420165,0.018498053666525828,0.01703998597100343,0.01781009564239996,0.04423763913803625,0.010143732615119272,0.014115574418701305,0.01902904193725795,0.06178976168010226,0.015104337415650657,0.009652260756535792,0.006479590356263435,0.00956127161625495
0.02415811287828966,0.020193711052416775,0.0023748235677620052,0.01841570678697011,0.01521218869241288,0.01718211496506145,0.07533529054799983,0.009048064836176891,0.01263948694618514,0.019130265254283362,0.042446230145440654,0.0136981394973651,0.008813249893202068,0.006447432457980165,0.008752228658658653
0.024274343138718027,0.020410390300342307,0.0023156998288410644,0.01860930248632657,0.015798950157246215,0.017162874042325894,0.03481504269649936,0.00882840869239889,0.012592525281595237,0.020083574516121236,0.049324624082133346,0.013690397198372038,0.00852563204319224,0.00639724049889975,0.008502479706924143
0.02304658207435266,0.01961659754744734,0.002274032264648733,0.017522261863869994,0.014833305150225655,0.016732804144877315,0.049498212155434734,0.008161881290184785,0.011731305494257294,0.01901703575910158,0.03667477003240992,0.012822195527543372,0.007929253380065832,0.006360218714961374,0.007922928566686213
0.02156315886905011,0.020310099410617333,0.002180374602089559,0.019659232249009784,0.014063167352960522,0.016744400036483482,0.027317916294666532,0.007721117750362498,0.01128919600727081,0.018278463943556443,0.03994133824587261,0.012228095470299965,0.007386903746494939,0.006188096809290598,0.007382438097147992
0.02151229173357009,0.021180126326540462,0.002067052755421426,0.017689504438445584,0.014071333279005666,0.016766174320487146,0.03293899169643428,0.008264029773055851,0.011118375778390265,0.01714950191783423,0.03354421460519164,0.012341558399180219,0.008252004476034963,0.006349266402394532,0.008343010336104293
0.019950563237349384,0.02058610736034464,0.002041626091675007,0.01818890934877163,0.013762558888492678,0.016800195595222465,0.027172768437614615,0.007915623163514929,0.010787655778656903,0.01610962558030546,0.037421326026826546,0.011913226309593048,0.007474698317867864,0.006252922384208751,0.007502040528711094
0.019041223947267597,0.01990178751892047,0.001932098278554299,0.016684087354744172,0.01244264713859105,0.01672425304331027,0.02353625588187663,0.00707815008157959,0.009620730607121111,0.015183943293211882,0.028887705456615974,0.010749323402334667,0.0069719383945217,0.00620595514482037,0.007019382616215989
0.018082818047741724,0.019651893061018316,0.0018641238282158074,0.01857480080392443,0.012842650156387298,0.016562649040591373,0.021049753799063927,0.008386345538071991,0.010348013363498214,0.015332415655142746,0.03288262917258821,0.01147853975740301,0.008337003127786511,0.006091527597966206,0.008415944119624869
0.01720623416171202,0.018953475258451823,0.0018621992534323438,0.015972088730599354,0.011984928242583306,0.01623461481274272,0.018344702011603393,0.007927717820595384,0.009747933170017393,0.014240626344010085,0.028374373777255015,0.010710828232904335,0.007581416726359571,0.006056986653555784,0.007578131949585915
0.016319978917374876,0.01841841196483622,0.0018753477334933167,0.01710527480842987,0.01136601811166013,0.01632544662724107,0.017152663004228172,0.0072994414675056395,0.009026987790109292,0.013699290335674692,0.02840238177591814,0.010034877968709468,0.007195091187144926,0.006129558148781796,0.007219021283095576
0.015584103173883868,0.017872439614221424,0.0017814645424003158,0.01561137672174278,0.010699183325379731,0.016175543669089763,0.015513307313654768,0.00803970636012617,0.008736920163036415,0.013557521560043181,0.025650785600802514,0.009493621679506214,0.007978291744195832,0.005966504433739234,0.008039812690285336
0.014868246217918917,0.017406891001587915,0.0017413155821384217,0.016037651226303448,0.010206242853403389,0.01588898319917105,0.016042008295082236,0.007555150035819992,0.008218087683942941,0.012937193122245663,0.026025752007620626,0.008978099406954492,0.007259635007966635,0.0058991790729624105,0.007270731918837968
0.014340113617395938,0.017013293722893747,0.001667425407465305,0.015008275085931366,0.009645745905630698,0.015676953444254745,0.014064849557444605,0.00691391544963312,0.007687323479475343,0.012643078745339471,0.02373848929413459,0.008492368996549626,0.006800146360750947,0.005829222627707747,0.006840236601503882
0.013970830820905328,0.016908972566351647,0.0017895843099348674,0.01603409349537032,0.009319027932361796,0.015418203510557164,0.014812937732357817,0.0068068313509232516,0.0075298246406208715,0.014224820048412197,0.024623165492384188,0.00825899804893387,0.006641936369918809,0.006266491062750448,0.006688320513776605
0.01381900786295982,0.017347696738397624,0.001848090656940085,0.014839969579420156,0.00969001031982614,0.015352801649211578,0.01774735769387675,0.006751415892529975,0.007612032162230827,0.014007486733519753,0.02453229280565233,0.00820981748566273,0.006621510231668916,0.006234266061606642,0.006627031924109145
0.013387917782849758,0.016664861445133197,0.0017819494517588932,0.015027770141334324,0.009672120489905305,0.015038565818139584,0.016573745024780692,0.0064347949385278195,0.007284673543067614,0.013540419584335509,0.024146133276675936,0.007931925408841958,0.006176528847986468,0.006129679502720029,0.006178434272038927
0.012919127441988096,0.017055088204562165,0.001761795485667958,0.014193240557373345,0.009012672435331602,0.014913304569020704,0.01892533103548677,0.005980974739878531,0.006801799417704603,0.012965543003553763,0.02314472254631801,0.007547972012568564,0.005882262209261186,0.006156354454929407,0.005890886669156107
0.012526245521736557,0.016979456374060026,0.0018527341318044354,0.014190974442365969,0.008841904109202516,0.01473522417364517,0.015036648378024068,0.00577113160961097,0.006542274593898263,0.01254534653307061,0.023509560317761365,0.007300737769589541,0.005607349681338403,0.0068267797512502944,0.00561837818925965
0.012803025996391583,0.016937829953350886,0.0018090110779203172,0.013587934191526634,0.008481730554727798,0.01452853369655504,0.016681676473885708,0.005640953494119318,0.006234397908142326,0.012039427021247802,0.022823581039629864,0.0071150029659123315,0.005487865898397675,0.006535317774852224,0.005549719015244325
0.012684600828034078,0.01676232477437558,0.002095232602238999,0.014974761071923422,0.008591835313572119,0.015007818638850845,0.015236662881535553,0.005975693974691723,0.0066780005111700645,0.011762096139891225,0.022629817281193943,0.00722123288960689,0.005744317490967883,0.006943670485949489,0.005906730710774534
0.01232790611378192,0.016389105082694703,0.0020235266590078196,0.013263152848472102,0.008232566468515551,0.0146956176967097,0.017099488330197202,0.005975178767783338,0.006626762223925653,0.011442822132044816,0.022100634168548426,0.007013563359607845,0.005777716238646247,0.0069956856844737925,0.005915409794488712
0.012049997184797677,0.016129651097915244,0.0019782909141839796,0.014742880939930099,0.00803437457003285,0.014628228267758926,0.02641986553280876,0.005739826469565318,0.0062304148967155,0.011424225494039108,0.02153558709361514,0.006752258743615233,0.005562323263041326,0.00677870110514685,0.005656228583613053
0.012013648332103078,0.017352859782284624,0.001895132532715513,0.013043447622949516,0.007972210568044482,0.014806073652808338,0.02237120362108999,0.006106808124739398,0.006487044920467556,0.01106390782228736,0.023121386001674966,0.007011623161578203,0.00613111917301188,0.006697228874772076,0.006288692225500606
0.01254764478154582,0.017991757349654965,0.0020888124049310373,0.014602096340945439,0.008741475310078288,0.014411032862472584,0.020804131872186046,0.006901340513036199,0.00753614370593847,0.012035290723237895,0.025882159568362616,0.00835105593617094,0.0070234408502369795,0.006767936608577347,0.0070388435055362296
0.012036688194565168,0.017176998315673854,0.0019721588484540183,0.012778315859373262,0.008586715184084997,0.014315853315700755,0.022440835276458692,0.00663210180304818,0.007551542259777232,0.011370218129471603,0.023837789792298128,0.008282708571898527,0.006569714323457507,0.006648535715087286,0.00656516586299662
0.01642283687885191,0.017764222293870882,0.0019389939133268844,0.01616652631213099,0.010639549235354808,0.015448131396095516,0.017316673285492187,0.008184826942797563,0.008914766079100805,0.01354165093929131,0.02965731161587259,0.010335183386327908,0.008570121942164265,0.006527327605299326,0.008627106299662823
0.015173648651950816,0.01685976287886022,0.0019821156267491955,0.013736798008279285,0.011132364873010472,0.014497372559203399,0.01982745687331566,0.008024193647057561,0.009285375536180411,0.012505617242132798,0.03567884648977679,0.010548812908749346,0.007766163073042652,0.006670272517861683,0.007723488479598991
0.014723000834357543,0.016686385275134875,0.001913639450328686,0.015011824229455567,0.009922287317791656,0.014748694160777889,0.015235538223660219,0.007517363923810748,0.008167867745585812,0.012743951747364505,0.02768831047778604,0.009555407678148145,0.007657350111198375,0.006454313814541091,0.007685329071037111
0.014437685988882391,0.01672094177622633,0.0018520541198673275,0.01351518588504989,0.01013738995296063,0.01453398590861945,0.0176139598216035,0.007374120636566427,0.008432449537550336,0.011806658981714808,0.03392538508943722,0.00964715305877541,0.0070682419820727194,0.006651468945811189,0.007062361825165028
0.014365652872786188,0.03038297820712802,0.0018852780301920368,0.014138524683069227,0.009292931932300012,0.01439655782166017,0.020629844346442532,0.006796411488490159,0.007503619021371246,0.012440639492491787,0.02712680684510921,0.009062912489939267,0.006834334994903114,0.006677207100660911,0.0068375093722867954
0.014027626067178984,0.024282128753408058,0.0018022659984379893,0.013080160832783367,0.009482058020351698,0.01432937944754587,0.025311342255848267,0.006734710296491262,0.007751671640210072,0.012577250922101484,0.030465527412780066,0.00912180932678762,0.006474294390199241,0.006466280922116447,0.00646933273886209
0.013854412053182094,0.026100447892040326,0.0017563817884808605,0.013919312295485755,0.008595725489264211,0.014240125474789369,0.029476837256832002,0.006057650755416458,0.006722337950546816,0.012228484692635315,0.026552856639227816,0.008197142442244718,0.006084875406322201,0.006356733107770559,0.006082361340957536
0.013507297591191021,0.02488035497781395,0.0022639313920705673,0.014338944492113183,0.00875656444313292,0.014234523683418649,0.021046698573067988,0.006126945514173089,0.006989571529465178,0.011731114314805991,0.030905983861481433,0.008295662999475392,0.006003933377893904,0.006886110407775779,0.006084043657190265
0.01781571840923083,0.024726425307558163,0.0020776963694928694,0.013600182978340335,0.010645701724501298,0.01393477301684728,0.026579855453619322,0.006800765873737719,0.007696741742516957,0.01408643667594326,0.028109212374702305,0.009138665791728099,0.007262157333023871,0.006575873373387917,0.007359909172697092
0.0178427661721579,0.02398522340844211,0.0028047889087110135,0.01607695954933709,0.0140403558848059,0.013810248922506067,0.0176984085531383,0.010441508665056706,0.01145135094462949,0.016636788043101394,0.03617857539832479,0.012400888276407318,0.011109596384941632,0.007829284718004188,0.011099125855447407
0.017460167882203965,0.02300406029586116,0.002527203702544273,0.013778025097934084,0.01346509246434948,0.01384459656922715,0.02092474332287845,0.010048051417836195,0.01126838714358465,0.01530684110768444,0.03096249541902175,0.01190758766806736,0.009763085025407313,0.007281025765203405,0.009644604835258041
0.016966906683016255,0.02273787724531889,0.002518720209024191,0.015163731216905141,0.012476954683314598,0.013664659955013267,0.017431600568027242,0.009061142200161312,0.010008203123988695,0.014704351358522433,0.03244836266445081,0.010898295479066735,0.009457736965488276,0.007159960158416904,0.009380408978754598
0.01624688999695283,0.021726921916986067,0.0023454906334085157,0.013920789507404448,0.01222847029538203,0.01419453609227953,0.017664672797966487,0.009035944885581687,0.010135856698098704,0.01428683921155556,0.02757955284793428,0.010792574497893545,0.008988661538452373,0.007427835155416705,0.008844303131450878
0.015441911966145517,0.0212467858096504,0.0023189197183119837,0.014410798680634931,0.01150944301560465,0.01361518924779945,0.0168978038887475,0.008079977785864553,0.009134751928324896,0.013617913800818726,0.02793066477381205,0.009974490903791483,0.00831615395422482,0.00717355902064643,0.008210873498306476
0.01485459094482403,0.020438945205871892,0.00213456745374482,0.01342845327671645,0.011211948858412639,0.013706935295417168,0.01516192889771935,0.008057909269737581,0.009228350837259874,0.013223948975358349,0.024749522753936423,0.009779593389638248,0.008014227990713432,0.006992773234839541,0.007953423308043014
0.014319353349568884,0.02043207748167683,0.00256920680701037,0.015000399005658114,0.011568379627399261,0.01347755967618382,0.015569538528758736,0.008371553173156143,0.009181270092321073,0.01298332750257471,0.025386349925845778,0.010129235005258556,0.008785740044915426,0.007955210211470744,0.008673670318345228
0.014462728865308964,0.019785743700716892,0.0023074250197506695,0.013194589119678515,0.011225320298123067,0.013336832986672853,0.018361475680931317,0.00804835006033033,0.00904860051092183,0.012381160803272572,0.023352076622975292,0.009825609009656799,0.007940007502549884,0.007461274991759346,0.007813731213694122
0.013863537613690307,0.019159118788720696,0.0023613292166521855,0.014113023082030189,0.01068637275835195,0.013909389158172183,0.026514228870146712,0.007155488709802015,0.008105958683269753,0.01215398181757263,0.02438324622943769,0.009179350078493236,0.007375300040525786,0.007729676336458052,0.007292035079820549
0.013361020976610237,0.018798062289150937,0.0021493863129371394,0.0129979056653035,0.010354235108396044,0.01365865255916463,0.016817132364705792,0.006942891727462693,0.007975970020399379,0.011909707023555354,0.024894743523878046,0.008916524749787231,0.006883126170947199,0.007427555705500613,0.006802545359830249
0.013022741141256386,0.01825489403295621,0.002150079311418093,0.01362796084658161,0.009696819246109007,0.013716310431318183,0.021467007962865305,0.006415217555899979,0.007300179633548406,0.011616849580848639,0.022882734166766863,0.008376222913471404,0.006657652077696873,0.007243293009795465,0.006597371103125752
0.01352195912350548,0.017731272785635,0.001995389492659757,0.012670773612623514,0.00940102636795952,0.013409218593585041,0.015111797116636697,0.006230711535409501,0.007222698879472074,0.011274401129590494,0.023365309315378897,0.00818747147882519,0.006215924434241357,0.007109881497163331,0.006159623636285921
0.012963862015334771,0.017328742528278433,0.0020357435078304344,0.013114308347632726,0.008973199166497022,0.013312598166547644,0.017403908004521712,0.0061779304436494495,0.0067970154724296536,0.011314008990417311,0.02213749444157751,0.00780397314511241,0.006438862764127845,0.006959488313978659,0.006445259857951987
0.012668056226189132,0.017294564243464466,0.0019172940071088406,0.012329887602989462,0.009002386310631843,0.013113598627353885,0.017370751673648155,0.006133940630215937,0.0068913049244099574,0.01123416099961121,0.023326775630370028,0.007808621694279598,0.0060984106160967885,0.006800724247933966,0.006084898065223617
0.012742886158900773,0.016746132255043705,0.002004775461628766,0.012557419036725666,0.008638874235593163,0.013622065601218526,0.014916831724297997,0.005650986535503028,0.006323893421478199,0.010981937042830701,0.021838899302334385,0.007453213219863803,0.0057929727442302,0.006835035102416533,0.0057843985861638905
0.012290207476892294,0.01804823302420317,0.001977909335282537,0.012486283336591625,0.00847937500315206,0.013775664792641246,0.014973340188536704,0.0059872697809768925,0.006647339434838745,0.010865179820557862,0.02231042143908026,0.007385137756044054,0.0060786275389449525,0.006921841461123391,0.006079606846910917
0.0119837043993352,0.016887001049900638,0.0019245790858686534,0.012172018874544326,0.008213880271344292,0.013520011438871103,0.014986500481105294,0.00568399973293077,0.00630590101907742,0.01065474059632895,0.023337855489878608,0.007027995465784865,0.00573549006379401,0.006715331313570577,0.005719639865610383
0.011696527269083896,0.016835320193317228,0.0019248190023492668,0.012120436866306948,0.007996465995306718,0.015783437405954386,0.013916568389691226,0.00544236082508136,0.0060824833506349825,0.010595929861451388,0.025747502756982135,0.006925993819995744,0.005472834512909731,0.006798590156867482,0.005464807748521348
0.013039199495848901,0.016351746908798964,0.0018500804728780772,0.01199351611304108,0.007874031392366981,0.01599702029880722,0.014056637496073332,0.005339416629988254,0.005867788220129214,0.01075831306451336,0.02304077703671551,0.006715666492937173,0.005440677647045276,0.006564058102534085,0.005436324761216851
0.012340109688623684,0.016198421698419434,0.0018156827114838103,0.01176887568420829,0.007620976575059704,0.015777796373958493,0.013292494532446244,0.0051795658178329495,0.005706036410639273,0.011458873802180813,0.023826378296446293,0.006587674084477378,0.005219596310710494,0.006593376668283996,0.005206068630503054
0.01210851397103957,0.016317242406458946,0.001786233133185678,0.012068880162430882,0.007595262689907888,0.015519528634284074,0.014273326033875065,0.004972293922752429,0.00550665511414587,0.011039112853511182,0.022179168480369806,0.006403332631008547,0.005036331051385433,0.006535188783989395,0.005026791872783813
0.012605284490335584,0.015748138591453395,0.0018012552258824088,0.01232611729829563,0.008356738989699559,0.01577031312667022,0.018136547484348956,0.00575464810760729,0.0064465848660084524,0.011885614967340752,0.02261926045046557,0.007538667311752645,0.006033983575683803,0.0063816236909897085,0.005948510049408924
0.012132478930021057,0.015618386619530251,0.001936918435486408,0.01221628390775159,0.00838623263105904,0.015278302385698418,0.016376212275014058,0.005823279660098431,0.006604693641226761,0.011373638884448202,0.021508881684885316,0.007632377847697849,0.00577114697821212,0.006657630309510086,0.005651101483743066
0.012430939754687311,0.015545396433268997,0.001828402862182247,0.012067705413425646,0.007901204985887337,0.015188972225963432,0.02240120932397747,0.005453834025832455,0.006101025917300428,0.016425426160346868,0.022669732551004736,0.007229632690928507,0.0055420997487423415,0.006403891295473307,0.005437600598197689
0.01216407211049433,0.01526745760341933,0.001928100440191802,0.012102885540976554,0.007971714101242705,0.015186731960831508,0.042582788814720114,0.005470616388497721,0.006184462411456729,0.014406998044671104,0.027745900055182123,0.0071376649830947455,0.005545945690363783,0.006352482771493517,0.005456380342435615
0.01184801675105433,0.015096788855305139,0.0019707518908158657,0.012697171641992876,0.007559750687818212,0.014861584843467395,0.021351057913341326,0.005232715582323435,0.005725908304696638,0.014579161946983579,0.031166162745907375,0.006757800525338663,0.005289806907561017,0.006452398891018428,0.005201770346903448
0.013712732114665092,0.015757873228806615,0.0019522585423411643,0.030300078817387565,0.008427079097196297,0.01568217962011421,0.0303533909760014,0.005068130274350147,0.006006899807191071,0.013171878880021583,0.024812721512982704,0.007388074575985825,0.005099198781992568,0.006411095163226439,0.005027830040695076
0.020738229674761778,0.015049534385323799,0.0018447773191650903,0.01731069201096723,0.008442895000168505,0.01501529455981646,0.01855229547625459,0.005749290313877253,0.006310146768244571,0.015698053309573544,0.02714488900409915,0.007338718842148257,0.006167811891875505,0.006345788501821036,0.006078569919664133
0.018454649977845156,0.015396089785674454,0.0019747652371111387,0.02669442210554091,0.008228375060535517,0.015034610788144559,0.02125539523660518,0.005841826244979954,0.006415568933865089,0.014842296529418104,0.023226066403002905,0.00730163678650355,0.005867580414482066,0.006331261057271882,0.005743750854692884
0.018205749236083247,0.014859266393455674,0.001944978445841224,0.0188462521706944,0.008838469649526252,0.015078937828269199,0.016355282230376397,0.006437575031146775,0.0072322092289681785,0.01643232141553877,0.024867298083282936,0.008843935591082566,0.006808594326695571,0.006208441673154972,0.006673127382871216
0.018049023489440524,0.015493411499436087,0.0019197854681304596,0.023813544051238214,0.008988353036873944,0.014734077865132634,0.019694263673678762,0.006548415019007447,0.007587666937263843,0.014819074368566429,0.022689480079770827,0.009082732548128828,0.006626095038685585,0.0061178033272268305,0.0064680595258859944
0.019726484947310007,0.015672411841464874,0.0018734985903071685,0.018892974597772973,0.011464067601190106,0.015081897996335919,0.016953861361623003,0.009211852608973814,0.009714265285151418,0.016858334197134575,0.02721184391356252,0.011170029134903803,0.009957076530146818,0.006367199594281294,0.009749049111971246
0.018100459682106027,0.015874276602395442,0.001830704028464196,0.021686017810876188,0.011755050164831997,0.014753280042053809,0.022079535922362267,0.009173049258920825,0.010203085218308913,0.014826787428303765,0.02813143852195397,0.011244489038471236,0.008821849022158278,0.0062546833225313615,0.008576803137009092
0.017809511386186572,0.015325159099300954,0.0017651438345408698,0.018076692199185194,0.010648274243374002,0.014650873929417775,0.015198034211685833,0.008045236884029042,0.008653960057084867,0.014830850659152713,0.025359460493099437,0.01013917355796956,0.00835748455347955,0.006219170909421502,0.008190357433283392
0.017566245964203517,0.01513569743005636,0.0017049091603643074,0.01975617902139454,0.010841260632499794,0.014393532395382326,0.01724017301239954,0.008094435559460154,0.009069494278276202,0.01404301687360378,0.02743437933562605,0.010130701190014841,0.007865279800175953,0.006069287175139306,0.007686456404917234
0.0271540562319906,0.019219799292555958,0.0017787197193048874,0.01979675149766237,0.01674735830046326,0.014805620232789352,0.01746324121420748,0.012403762727926627,0.013420718196295773,0.018215678936315313,0.03018750742885464,0.015736286730029175,0.013659732923694358,0.006357734738816297,0.013428041299879354
0.024064700471105902,0.01921795552315608,0.0017002795400597698,0.018876425932475266,0.018250750431935265,0.014285507869331842,0.030106502238015476,0.012672927422038396,0.014839395977145491,0.016232863925420928,0.038410296959823696,0.016506578947893993,0.012338131247787671,0.006170248026787355,0.01194148574068568
0.023274185812702793,0.018502522445820787,0.0017170064093249657,0.022988333786201434,0.015781547315075355,0.01430245339012863,0.018479490543857884,0.01087142582922797,0.012574609669142138,0.016824763803996477,0.028077515463231194,0.014682171183006744,0.011464257283228696,0.006298242395671002,0.011184411424390292
0.021694246825622977,0.019837021998259805,0.0017288355015185927,0.01859610706846461,0.016799549438301628,0.014378350505663311,0.029763218876133427,0.011177518198163714,0.013646893052485119,0.016967236132236344,0.032940540548746074,0.015208125619460635,0.010981626120983452,0.00616780650126871,0.010741260450715653
0.02056710362726152,0.02045081213668116,0.0016639288264929148,0.021432165523782593,0.014499347934497572,0.014139112209044864,0.016893778963353007,0.009999050095030416,0.01172499373115754,0.016402437733219324,0.02600581752696092,0.013633243144025767,0.010440365004423807,0.006064882830528272,0.010187508647254945
0.022560140095562634,0.028414558275813455,0.0016726086865153022,0.019377017021808725,0.016746159202922807,0.013969521917632795,0.022189679446823644,0.010039947112706768,0.012974014023479797,0.016228673892714204,0.03192058149873781,0.015110396824290617,0.010024901865543903,0.005960212121307246,0.009860812354936943
0.021439782711137258,0.024065335454546345,0.0016166635487657275,0.019874076868814258,0.015473279416449421,0.013776968128332664,0.01842808440547919,0.00922311130598923,0.011695338011128353,0.015297208990106184,0.02840740099793077,0.013914094124380872,0.009765661761436697,0.00585280254917396,0.009543849473646204
0.021598401379310066,0.025786458635991133,0.0016838684946607638,0.018169127409233547,0.015300103730616448,0.013839095077249317,0.018814710035367572,0.008982366170310873,0.011619206726562234,0.014518973658733123,0.029246438765363824,0.013540616647341458,0.009029635229067683,0.005968442888938694,0.00881729023170959
0.021041680970253492,0.026508095049457857,0.002023681579520588,0.018691459877532048,0.014965295077537624,0.013784447865351828,0.016984796171437666,0.009292399920349857,0.011369140935385087,0.014590812893486713,0.028728119416434685,0.013487679067864564,0.010097820269954158,0.006627619220827822,0.00984826365041746
0.019744718189711005,0.02538347590207195,0.001885514488648628,0.017273716497160106,0.01490741527296572,0.013537400495571547,0.023271273818351403,0.009010660773095066,0.01149722378818739,0.013646343648291452,0.03052456966391586,0.013175052620107638,0.009053544688048717,0.006284668268563776,0.008780424269973754
0.01872904074627592,0.024520741286848252,0.001972288864423711,0.017336677716117303,0.013172279275810711,0.01361556533519433,0.015983515008933642,0.008806013394303694,0.009990248603211134,0.013163576903011176,0.026940958876749462,0.01177736111509986,0.009475505199908453,0.006523749033826302,0.009237827296771719
0.017798044671138713,0.023534570188408824,0.0018332058043100533,0.01749885450562089,0.013399139112663692,0.013329684058866625,0.021616176214112718,0.009047524874071153,0.010643444661420262,0.013144440699281574,0.02828036386930044,0.01198968455029174,0.009173427507483584,0.006334916626525303,0.0089908925996156
0.016882351360189826,0.022834196941185273,0.002026057401654401,0.01632789240297992,0.012057996358369063,0.013236839118709216,0.016937994455563286,0.007984240141962654,0.009508692517377848,0.012688630987760465,0.026614774540557877,0.010886250978335826,0.008408902822212256,0.006670491021816007,0.00824463746972153
0.017465476908128448,0.02300754869865108,0.002413514213512809,0.017080465034495583,0.013448544976342226,0.013035809721594809,0.0190867782740325,0.00968083132772094,0.010833929506300695,0.013916980046506695,0.02685960983551917,0.012140372902226445,0.010012857378937343,0.007324932335181081,0.00991785728559019
0.01678040090455756,0.021789252654256446,0.002462495617736966,0.027465639765931815,0.015846590699337314,0.012978569138282698,0.03434713179511952,0.009303137098049159,0.012248089291117942,0.017918157559810778,0.02766403258108205,0.014140634781407454,0.009046863386269645,0.007184925653481439,0.008930884782811652
0.0199972560528525,0.02624812104334666,0.002411944325688855,0.01832462139558198,0.018648036258648488,0.012838747094228643,0.05814419697135102,0.011663377219672701,0.014424043991985318,0.01879357346255099,0.030716349428012227,0.0166000825605746,0.012302974620707341,0.007715293169889367,0.01239961356025551
0.018785533497760094,0.02310791138754169,0.0022773745880087398,0.024644023089505484,0.017832169708094155,0.012757737322544755,0.030488332562727607,0.011680334779946823,0.014231061060853846,0.01905414284868439,0.03722947213229305,0.015816003532948444,0.011300700946426498,0.007492319628820358,0.01123179088894269
0.01841510816093395,0.024569914110153555,0.002168727161715531,0.01806301519134826,0.016588145392976737,0.012592827136237215,0.03719504930709651,0.010374750479536681,0.01305723390131235,0.01820084607039451,0.027789813446840714,0.014555309577127997,0.010590821295628177,0.007333947555075612,0.010576997199532302
0.01933130882153118,0.02275267153611435,0.0022517834178597,0.023042002584342546,0.01684955684953745,0.012544527093006607,0.024140289711581095,0.010781048707243128,0.013630409311175276,0.019764351693069834,0.03179198873401551,0.015182397601199916,0.010388759475087881,0.007533468869634494,0.01037948463367951
0.018300820902845894,0.02305541158929534,0.0022551507461788093,0.018157191821122826,0.016229759419399258,0.015513827647527657,0.03247347383415878,0.009741271239875766,0.01294788305237401,0.01791478378921382,0.02543854945061674,0.0146532352575906,0.00952977701062337,0.0077143084544109815,0.009519821643604163
0.017683386511413393,0.02198604872482567,0.002161144455465946,0.0208461825010686,0.015117982630832794,0.014198939037403373,0.020707775939226715,0.009099632449273228,0.011817468914259105,0.01727770035438743,0.028519964341290126,0.013574752118009676,0.008728507332920911,0.007390317025598883,0.008730926865771364
0.01675052654702471,0.021855988633073836,0.0021277407948264034,0.01740125758476775,0.01432234557007933,0.015823200323833518,0.026297507769978107,0.008293070307896423,0.011168191387389314,0.015836822912162898,0.025653784973795366,0.012811035682183248,0.00809592052888513,0.00720781558435919,0.008116456685013672
0.0159318911647542,0.020881999379263674,0.002092622829669225,0.019352392430998247,0.01356098979498056,0.01640816719003016,0.021478408047297746,0.007954869176911043,0.01033604280290441,0.015352673331087799,0.029401695941364044,0.012101062843492888,0.007594801315474226,0.007071737471555372,0.007646432272784748
0.015485670273098853,0.02811193393105362,0.001986644365788465,0.016713713328960825,0.013000257374845304,0.015698776263597135,0.022294769204705495,0.007309733572075886,0.009795538009937224,0.014139374954593156,0.025082019228058125,0.011396843085179185,0.007080200100099204,0.0069035004124019216,0.0071481603863571205
0.014805948742335656,0.023864709025381018,0.0018983675395401007,0.017914123128878592,0.012428834853365054,0.01603561938572395,0.025409442263154176,0.006902139951546197,0.009188986907086034,0.013718507920453905,0.028554140238516944,0.010853110733424109,0.00659868440741099,0.006736307427233037,0.006655451001169082
0.016108052234032125,0.02816832283119532,0.0019739927363786763,0.016251575617482247,0.012823458474925071,0.015641953632811026,0.03397285533015748,0.0073556600532251335,0.009396944648399855,0.01419980991300192,0.02682533094448212,0.011196540343681472,0.007472975708460549,0.006718830336409482,0.007413201737873259
0.015049754734861122,0.024925393697233445,0.002202418441253558,0.01663378360829149,0.012576452120054926,0.01550846965173872,0.02017711646754901,0.00711211799634184,0.008960221470571756,0.013424941210050128,0.03314756161272293,0.010782657943749867,0.0068402743242639286,0.006525351414567012,0.0067813313748611645
0.014673421461313917,0.024888356418604776,0.002123631176415738,0.015594135841594511,0.011912890270098649,0.01521986897038881,0.023690757008769166,0.007314042407487583,0.008914862910556948,0.01324080880060566,0.02414221891548044,0.010284212487644617,0.007458391639061204,0.006419525518527479,0.007386511172752907
0.014100200673819827,0.023768756382354327,0.0022912525860515265,0.01596127907437042,0.011841348243716536,0.015029199953934867,0.018324341029096348,0.007185070400815206,0.008732729864662971,0.012535779144813086,0.028808470330070935,0.009995690431396129,0.006892401010206007,0.007020750644343832,0.0067874565150025075
0.01358045464005629,0.02364338397235881,0.002205116540098242,0.015138201907224346,0.010660074206258472,0.014789021679947634,0.018818616450122016,0.006446515936600193,0.007982561951315935,0.012302171527903536,0.023858140960251187,0.009146178800806705,0.006524413229155598,0.006989553968386025,0.006454938025323523
0.014351004038286623,0.022731959233634233,0.0021287376509304713,0.017850394629231728,0.01272566431209045,0.014611565531590442,0.017159467964196935,0.007705894483198641,0.009687616942334719,0.01726783519371892,0.025618114231120967,0.01101402585051282,0.007721881788179923,0.006823609606703891,0.007718603217506392
0.015233633991905257,0.022557187279151836,0.0021758116236136786,0.014975345001506433,0.012626804215230105,0.01684383270153856,0.021056671781518023,0.0072761092973726346,0.009491880280291706,0.015196190142378906,0.02624322375318738,0.010712289831348443,0.007050703607931782,0.006896505115619151,0.0069933967943111046
0.014316651469573585,0.021928568048342405,0.002295249938054966,0.016510726357960134,0.011678060968831061,0.015265534195870184,0.016007276411013894,0.00673977280048202,0.008511115294510173,0.015143840248003812,0.031525557182206045,0.009806342511817305,0.0067095137149011455,0.0069560485288071875,0.0066803047845737425
0.014317546912006984,0.021164837942963026,0.0021583044146072606,0.014531090963753308,0.011250911908916736,0.015867027525358558,0.018404267324685246,0.0065411066499379234,0.008434809166477531,0.013623332145354881,0.02549009729531085,0.00948371825164944,0.0065348915477578175,0.006716655220895941,0.006562250160537181
0.014831467026726297,0.02453781205283697,0.002079501162899505,0.016228289163164593,0.01145024995210855,0.01565620723489728,0.01915513556772572,0.00682851368210086,0.008280571498939227,0.014262331081696049,0.027332254000711265,0.009762960660118237,0.007085435133329158,0.006596470439731941,0.006985032548734802
0.014086384871640555,0.02276423309345106,0.0020591574077001326,0.01454488942279347,0.011365593510780023,0.015646714507482704,0.01570193797348841,0.006663870079469286,0.008368309628846732,0.013068584570280819,0.024759563232079763,0.009670878523326314,0.006559012046031828,0.006793437100602612,0.006480115775707328
0.01379138700399238,0.02551522271296636,0.0020578666382906003,0.015429351323702996,0.010467803045082187,0.015281300089758308,0.01731393038664276,0.006695330424759696,0.007897496761982852,0.013153599776896634,0.027198440433956514,0.009045968303715329,0.0069133335304975615,0.006845379932227874,0.006805302646092184
0.013251664647838666,0.023252519379844957,0.0026078871254742258,0.014234940599821264,0.010408257598233247,0.01555774228519387,0.016161790507907812,0.006556724495825286,0.008002457419009935,0.012245253822886793,0.02341181458202548,0.009001852384656995,0.00644129959193565,0.007651683035991027,0.006344231218465814
0.01502211611054443,0.02487523066430348,0.0023861245948900373,0.015444796424405018,0.010002880624159277,0.015351766070734985,0.015124615933377257,0.006413610776748318,0.007490008372764329,0.012190157835639624,0.0264764843868964,0.008694781267096828,0.006687326399343905,0.007204482129469224,0.006536440912455615
0.014046224957575022,0.022880357789816338,0.0023887641872006203,0.013897812913985974,0.010129186857688597,0.015405178210164388,0.015210349994530225,0.006252198769093076,0.007671212278790173,0.011625895913017142,0.024047603299494482,0.008738192305531146,0.006202339754355671,0.007062601940693496,0.0060650933724741675
0.013928549736636996,0.022546882647553283,0.0022040717407412255,0.015268311086851824,0.009560663088481395,0.015267543555353827,0.01893970359224382,0.0059632207317037765,0.007301856072642808,0.012005072190655157,0.024236384885997723,0.008591426776620942,0.006113000161688662,0.007040976068426708,0.0059960663755219325
0.013659796952809205,0.021559540000126286,0.002480441209005863,0.013492169232370517,0.009640770590393762,0.018198254433380624,0.01871341820934631,0.005876732272576086,0.007389332328648832,0.01139442781029933,0.02511999503157863,0.008565174414244904,0.005785440526801578,0.007835606841643835,0.005666792176615234
0.013300480289855228,0.023381188650740438,0.0022616429675744484,0.014296781954988761,0.009107888927682785,0.016611992483142178,0.017296262820933408,0.005575175008707418,0.006691005125589352,0.011361875963688664,0.02712149838591857,0.007983117938334368,0.005728119936883869,0.007374116322614182,0.005697181709601457
0.013118358341397733,0.021648519076879723,0.002283693810662849,0.013116039781466762,0.009233937743544812,0.017058105332908826,0.019846624892074685,0.005486584225207214,0.0067557429536423295,0.010905019214515617,0.023163272216418687,0.00798700082876558,0.005438358889644775,0.007408994224961737,0.00539875715240975
0.012755223854540467,0.021925950302000063,0.0021443890172612354,0.013530769743419952,0.008848582314494927,0.016391706480552156,0.015455002090121506,0.005427789266557143,0.006317716549549462,0.012157115097892295,0.02445297328180402,0.007681657381393096,0.005523732042125394,0.007190103375488937,0.005506983492711837
0.0126107952194204,0.02072556190523662,0.0023509614939239204,0.012907743210653782,0.009138165774738728,0.01685417908120037,0.01610699614353787,0.006062750537498024,0.006772679938736783,0.011690258907334399,0.022162860912364257,0.0079557041547354,0.006252219328704469,0.007647751628520456,0.006232849605479517
0.012671762403967168,0.02080185052525705,0.002219858386975836,0.012920649510025401,0.008524021353174442,0.016371034870842027,0.015875025890623225,0.005820699102335539,0.0062713008160646885,0.011596779371434975,0.02322773641328657,0.007421944090426834,0.005936676396346727,0.007265114653924626,0.005893199925927179
0.013524951884572794,0.019780284990321684,0.002219009860448753,0.0134975042213888,0.008993977288211753,0.016648231373568346,0.015152729300740204,0.00609206226960172,0.0066816954437733085,0.01107685156102619,0.02154220985188173,0.007881335602340549,0.006312489572327291,0.007134847527664368,0.006256019587248624
0.01480743496552302,0.020340617294978824,0.0020671219477692913,0.012703220389283492,0.009176859512999583,0.016101858647651138,0.017479570628800466,0.005924631181586348,0.00673171194336019,0.01191222615621582,0.022960551266911502,0.007942564123106215,0.005920189540007268,0.00694400678368327,0.0058528497954974225
0.01404312471800592,0.019733397598696502,0.0020546031077955116,0.013094124666520822,0.009327662725476096,0.01610492040427906,0.019554183176935306,0.005926196014642643,0.006663435153107672,0.011388387084197937,0.02247583896410523,0.007913736153866728,0.006262522688198321,0.006942062879766694,0.006172983694244233
0.013587940823135101,0.01928361610914137,0.0019241726031758394,0.012663361019959489,0.009062721097414518,0.01571467210672348,0.015396728864116336,0.005954964579744498,0.006643102119805828,0.01183346152557607,0.02394321264515163,0.007849883873284152,0.006075197506669777,0.006829683292031664,0.005979655944952286
0.013489062244249402,0.01908451137433065,0.0019341214263905735,0.01265588836580383,0.009565865777684056,0.015656726545349137,0.018347361145288107,0.0059274073291719085,0.006863752099323641,0.011350985152653603,0.024072740053935893,0.008465590094226582,0.006257304656769486,0.0067788954397196765,0.006209675629003204
0.012958312305263384,0.01833977358103307,0.0017979953060705018,0.03439041369951981,0.00990077943945869,0.015331946042931246,0.019943652866904724,0.0062529313629803105,0.007269530170436958,0.011579540822175115,0.02667498305820573,0.008826999701602521,0.006381632783063651,0.006610322048961544,0.00641780543751114
0.012860610567294081,0.017888550296826795,0.0017756051875113762,0.01633847562060256,0.009931408162115036,0.015165316248647333,0.016828108114464297,0.00597322212191443,0.0072085197798663495,0.011112960156539928,0.02257934906699715,0.008546946715078392,0.00608282319993921,0.006447687214036843,0.006091371478350617
0.012562504321777133,0.01760578908434516,0.0016668174298897114,0.03017605986115782,0.009361852222890859,0.014909954986568828,0.02117031693324549,0.005843876379578356,0.006931070035994537,0.011282272110618186,0.024109721322516427,0.008349346160514153,0.0059355314895139285,0.006334542867672035,0.00594680383609333
0.013844536052346342,0.020429821760963546,0.001686324135359405,0.01791111972269588,0.010646983839720379,0.01471285086911417,0.015946200656770576,0.007619918007541605,0.008260349625228668,0.015921900964842577,0.02452635428696567,0.009601741458647206,0.0076645979824484555,0.006596445659597618,0.007816492907127888
0.015387780928956103,0.019338952230075132,0.0029867355196298534,0.026622427736793595,0.010445662042587574,0.0148209482913715,0.019600359046691208,0.008055596578474947,0.00847500237379042,0.014829203007830116,0.029965933876307402,0.009627741068852844,0.008109942459780896,0.008499689470601488,0.00809847601990765
0.016433531827614912,0.020740485535473238,0.0026767177109438766,0.018713210462943566,0.012022986150476025,0.01492514139007984,0.016508366377176693,0.008093493463175068,0.008584348716489791,0.015007108747134528,0.026404695355070045,0.010489227784024897,0.008287065300005815,0.008199995918942509,0.00824378049333536
0.024730404590259977,0.02360092277612595,0.003059748210846534,0.02697527793370497,0.01835562249614566,0.01673955585638978,0.023810545132732758,0.014488031870069886,0.015105819252025634,0.019325694313290363,0.03464192770062596,0.01676134745520557,0.015742050881308464,0.009358481760677774,0.015579307816847257
0.022412264758893182,0.021367037722866408,0.0028421614395126808,0.019263816028165646,0.019051908885495114,0.016346926644713072,0.03204408798348507,0.014861396846195805,0.016402711956932003,0.018414479847334055,0.038787602138590914,0.017108499620167635,0.014694468256403163,0.00900192769135433,0.014192936703237178
0.02156091523056147,0.02157481163568163,0.0028079855393854823,0.024087855299837667,0.016587187389820415,0.01617731834530415,0.021743583749887132,0.012774189121189222,0.014094393490903231,0.017499776604042932,0.02952976673623632,0.01513203485921716,0.013294494002762634,0.008711077406938548,0.012917217595705396
0.021331121597824423,0.0204361170602974,0.002540014916629547,0.02056342882635381,0.018305152541761547,0.016884810130543767,0.023532811109763897,0.014082629462013038,0.016039773364853172,0.018646708049655538,0.033036942152812554,0.01636673970764959,0.014498701737092896,0.008446289754512736,0.014239137829831754
0.020132107477166587,0.020608547034672818,0.0026005355732046415,0.02256102004749973,0.017418579796082134,0.016097898018326,0.025611696930078337,0.013004117530487023,0.015166912816086247,0.01741806487195273,0.029202089406134116,0.015460690891493765,0.01327151197976441,0.008191537456047018,0.013005456869929884
0.019010228982748192,0.019576849149400444,0.002807983757393667,0.019957830584855694,0.017191924741363843,0.016141565742980066,0.020689688789394364,0.01291296598784643,0.014885656529212999,0.017413269242053938,0.03157979475643238,0.015165994290504338,0.013320872295277009,0.009911852040423979,0.0130651406494555
0.022775052444036485,0.02114678837635652,0.0027342395547807867,0.021576082169157015,0.017609536312395625,0.01624615563323724,0.021689315759387765,0.013126195689571948,0.015288551221722912,0.017502174861786332,0.02827341329672843,0.015823258627029456,0.013503646173178013,0.009159799462806996,0.013295314554715549
0.023283970498308864,0.02461916223250095,0.0028351505546652077,0.021341812795504088,0.020290880111715547,0.018905086858813692,0.024194844739481823,0.01719193736119944,0.01810922368384667,0.020267085828751447,0.03188805273734963,0.0187374059901867,0.0181636143249832,0.01101566492840242,0.018287098398706722
0.021640177225122986,0.022350265198589424,0.0031528680610694556,0.020067801809825533,0.01948224479066929,0.017019403543827326,0.03815820672026223,0.016380576683570108,0.01778777001978525,0.018023825915144263,0.031326669087365346,0.017814829666405442,0.015811963406688393,0.010597566352354416,0.01573331919313752
0.02177934586226131,0.022856184718132375,0.0029379361262314684,0.01987799276812048,0.018353364585160622,0.01761611549013785,0.022782416236199962,0.014967582017111496,0.016106154389026874,0.018580487630616923,0.03359479601435399,0.016774576881928766,0.015593003862783623,0.010475750149998925,0.015612042571393307
0.02101202827046072,0.022165143234574726,0.0030581126083035507,0.0196296628526851,0.018395988947633602,0.017310509615806928,0.026128242823649863,0.015035908128981472,0.01657071635283747,0.01748879135237938,0.04360638727880393,0.016938346902353674,0.014703492684097808,0.01085746345800209,0.014730683953659363
0.019674507677909778,0.021355039365511797,0.0029382780065433556,0.01927713849394122,0.016874493578569252,0.017389278009193206,0.020524805433701325,0.013457192828480749,0.014739089663579596,0.01713854472163905,0.040525467918920824,0.01561315358796232,0.013734174822040375,0.010692678093568936,0.013777812199983893
0.01884999788348604,0.02206026734868536,0.0028224668019505975,0.018405973926902897,0.01647502961468654,0.01690874763030965,0.02127389589974349,0.013081265203314192,0.01459594425229896,0.01599748217781717,0.03697045879565866,0.015050205994938988,0.01275192526195148,0.010425031287590748,0.012795811289982193
0.017751837736306637,0.020677745914842584,0.0027141583445191952,0.017919914963344788,0.01514669360478625,0.01673621167566253,0.016776115743975542,0.01145932536195934,0.013054150975535063,0.015648904247104762,0.034159305450102685,0.013744946579548627,0.0115118464534483,0.010201374811042462,0.011560004101315862
0.02402021838738462,0.027656442784693328,0.0028830744191293144,0.020832734111688973,0.018230805845834416,0.01710143773072872,0.018903200514210624,0.015139282513514658,0.016250500098637627,0.019245318107265635,0.034869224241496556,0.01755292838260434,0.015776933087997512,0.010865985627466069,0.015877489598556335
0.022046263271867633,0.024199687122803088,0.002663036829124894,0.017914537808761056,0.018442830190888774,0.0171024701473017,0.02289575162704979,0.014858594948453352,0.01655954071562699,0.01794375053328218,0.03855301061033792,0.01773914543782247,0.014427746536535106,0.010285255512268497,0.014373864883063274
0.021398328273089184,0.024406406453797616,0.002831794060475999,0.019072042038941993,0.016361700967131514,0.016855869925953365,0.018909560559633186,0.013172789081919392,0.014643295716688992,0.017141862698612217,0.03102965901486478,0.015832023014640085,0.01323286563467318,0.010892827678523904,0.013234197151314348
0.02001384321123997,0.022992183870856123,0.002582021398922309,0.01696864677498868,0.015991363304381803,0.016561439015167993,0.017815932316534725,0.012495589511098788,0.014168871847158355,0.015664521612060008,0.03396002948107133,0.015154903917325624,0.012219366064540098,0.010262990229882607,0.012221641213542854
0.01963336830213552,0.023793087323483942,0.002532179936227765,0.01852428312380968,0.015417797739223398,0.016487824329835213,0.016651273361291692,0.012059513948046496,0.013476409262684654,0.01645309775554234,0.028431579767274746,0.01446436867391754,0.012198700832911531,0.010013784702373477,0.01227030248508994
0.018369156577596843,0.022248371355978486,0.002319228939574898,0.01624116859815645,0.015372825334493165,0.01616372552388479,0.02077834041214074,0.011371710270333533,0.01328464215379362,0.01491455506429983,0.03201121409000402,0.014042937147232095,0.010949563791454604,0.00963012283410647,0.010980364221534786
0.018311782854069307,0.024228848701191522,0.002284511691582817,0.01832857244878839,0.014324999793958411,0.016042069390369194,0.01569666069829378,0.010314824995535977,0.012061926693104021,0.015553622473904237,0.02600437424247922,0.01306611960349943,0.01040862829946828,0.009310534097620695,0.010431321259373698
0.017948301468489147,0.02438762447852845,0.0021943367243995857,0.015996229739295945,0.0153034538263019,0.015817581896015006,0.021892497340237734,0.01057080133886215,0.012679457376158124,0.014601309704563602,0.030147977005476653,0.01357259974018702,0.010474590752193645,0.008999809834483426,0.010384911909658585
0.01801057652583059,0.024600483641713754,0.002863264310331253,0.018934053738434414,0.015210332322396014,0.01576424164584927,0.023689951571189884,0.010648464744244962,0.012542347458410697,0.015471494203232034,0.030752867667620868,0.01373646187485922,0.010792624236380404,0.010168506032456129,0.010816513821916665
0.016861099888357142,0.0231717182055996,0.0025935255469343556,0.015644582571181925,0.015189801868095567,0.01548261679861272,0.022754175185761064,0.010053109966143052,0.01232456443669614,0.01433235860498002,0.03705501957119286,0.0133178212575003,0.009702813836953955,0.009675880409798695,0.00968010690192438
0.016098807936820555,0.02251745197313188,0.0030831122006974997,0.01736167946588959,0.013407703365502623,0.016640595732053443,0.022359294943051052,0.008880250004144375,0.011129304435754208,0.014793340172573353,0.02707635838314937,0.011914515141253268,0.008892478243378674,0.010701640845229283,0.008904196130414998
0.015723734556051718,0.021671360791339182,0.0033244976192109183,0.015040743860437774,0.013354030892893816,0.015617512305445629,0.018654414764025545,0.008447623256156384,0.011207543893251461,0.014205378682885818,0.03128465156238675,0.011643811577016357,0.008162661977009641,0.011211952572709172,0.00816843444367514
0.018226385132383564,0.0212148790502586,0.0031789492041160968,0.016519875433235635,0.012368964436292158,0.01582967621319732,0.02017700174896578,0.007998997074444573,0.010071338554620548,0.01374437791770343,0.024787406765220333,0.010888179042878752,0.00800522120342102,0.010589234990803855,0.008038891490148964
0.016690194190623012,0.020493699950280563,0.003035071957862567,0.015019481755056279,0.012436091200423278,0.01535586597050478,0.017862027950428093,0.007740249189877526,0.010106928685567076,0.013315064688097096,0.02709394658219147,0.010673236084100243,0.007429480210794056,0.010430806605074483,0.0074145370883217645
0.017671078188702404,0.023166569658387193,0.003577434182639428,0.015458770563349123,0.011239414870480078,0.015329089397728613,0.01665674478980732,0.006988698699841931,0.009221210485301683,0.012852817372246863,0.023315552027142198,0.00977392291534308,0.006933458229339943,0.011776736704022836,0.006918961379949981
0.016421891299258695,0.021083890192607882,0.003362552197136061,0.014591059177607698,0.01135739923791831,0.015111109721075789,0.015170023365817076,0.006984693800450342,0.009134165328915613,0.012660655459519473,0.025540442487714806,0.009749661854155316,0.006699503045465618,0.011516711217826532,0.006719234023826038
0.0157416284682678,0.02089162674202312,0.0033364730226611294,0.014585937477318756,0.0101343158626711,0.014996030607349848,0.015180469530002622,0.006466836044816379,0.008394309639358055,0.012404767638068047,0.022619748451659573,0.00902612754986807,0.0062935488258836735,0.011148532223390281,0.006313288136990673
0.01522607451673754,0.02004000369012236,0.0030486204358525053,0.013915334964506476,0.010198113761595816,0.015045555279098915,0.015374432440002703,0.006172086836797066,0.008176501405210668,0.012206985007523567,0.023450014422084844,0.008798111481114115,0.005932886815575209,0.010788896883532734,0.005953051560740535
0.014903090161616511,0.01965839561611832,0.00298974701831241,0.013898186435787017,0.009207235682465125,0.01500904071044345,0.014122722384068788,0.005754775511559218,0.007421179980055095,0.013423794134318873,0.022599518787016763,0.00813319988377163,0.005641416282070509,0.010416937675318386,0.005666072891447027
0.01529854275750395,0.019529386168340178,0.0030014629330570295,0.013628784974934296,0.009939748751199668,0.015090395350340862,0.01559173233112689,0.006003288649232013,0.008053593433235884,0.013421896171551852,0.024951774809504727,0.008959457141144456,0.0059209092774203135,0.010724043805114094,0.006069832691595029
0.014461787536635722,0.018733837676030277,0.002862624778689839,0.013319163002829966,0.009345021240910266,0.01534576488989519,0.014275177597876929,0.005741618900840228,0.00770211072598268,0.012938984184264946,0.024751738478272313,0.008588577368822993,0.005587517790636448,0.010165908114941922,0.00565885157032476
0.014097539261420305,0.01872817803108304,0.0029236496571754195,0.013980921250686493,0.01028723592942393,0.01502185286206891,0.02019005335939744,0.0066198028558304015,0.008329388603876824,0.013427822222127246,0.02371712387312538,0.009553445518280771,0.006590399510318987,0.010432800021646942,0.006782275519154653
0.014341975805224685,0.019757316518351428,0.003255337549227118,0.01495829937085922,0.01089382259927454,0.015448221024296563,0.02565615429966913,0.0067882676362936555,0.008792135224461916,0.01359416578711179,0.025275165087418415,0.010081328979820108,0.006453165715711764,0.010774735935252043,0.006589947622184518
0.013817510910500987,0.018498308343677,0.0030460380968275105,0.013567420654025166,0.010341127680360516,0.014874372600262422,0.01821383555409384,0.006357333775094941,0.00804520799712389,0.012902428587459436,0.025631296343803404,0.009452669471923145,0.006195928627475739,0.010370838427553673,0.006303264071491363
0.013495584230972458,0.01862685781570717,0.0029358010969079886,0.014933699141592333,0.011128019021441227,0.014873855784972682,0.022136686396099357,0.006666581345403826,0.008923165799600608,0.013553396619025724,0.025417222672243545,0.010293428231628474,0.006456182980817591,0.010025214729111685,0.006590051638675594
0.015065199245204443,0.01789712775718976,0.0027233198979474127,0.013301995009378014,0.011293778397432997,0.014611014166234839,0.019829147073501797,0.006502189234422484,0.008887862962932905,0.013033591321711575,0.028113390322367912,0.010253100030405644,0.006232298087377135,0.009688907929152744,0.006358408428166289
0.014033819040161924,0.0175916101075032,0.0026302205982036003,0.014800361881215524,0.011084181097727288,0.014589814580565795,0.017945881338552756,0.007939858411918138,0.009109103743848846,0.01392001511151145,0.023641739876199334,0.01015930297794932,0.008145176371000418,0.009386705088434134,0.008293425359050404
0.01656382307106463,0.01817474223820059,0.0025580954112812454,0.01560022379231121,0.012634583765992451,0.016864976211654278,0.018606671435728087,0.010783329398382608,0.011133945133338798,0.014754251934938518,0.02512817794286295,0.011683296712731056,0.010999997668805822,0.009083690826928902,0.011074415499278298
0.01536085447054472,0.01788662809786221,0.002694143108732609,0.014523490342674463,0.012798417909777742,0.01526849830853811,0.01769403160291334,0.01066282598794092,0.011449821505051472,0.014456755078496055,0.025501743599964363,0.011795786180078422,0.010223430371517928,0.009155347450432633,0.010168502630778054
0.017431077610713074,0.019000239550267698,0.0025469709527190794,0.015846717697198504,0.013039364740428643,0.015877437193696754,0.024354904972374677,0.01086952451070363,0.01146918868927131,0.014412728712289038,0.029768612179492962,0.011853239282479413,0.01084788719868706,0.009006217801300736,0.010928903314448481
0.01599460731452003,0.019045018773678007,0.002636628533002915,0.014057088738745843,0.012594460037321186,0.015214289720327227,0.01615103214103185,0.01055020175325636,0.011214333884118011,0.013917072717368284,0.023420255984332186,0.011529644382703548,0.0099735615386039,0.00899179973135976,0.00998908290323789
0.016093594903769038,0.01968376939183198,0.00242894588840209,0.015847627182444174,0.013298953429237079,0.015315404206016361,0.01856712185171996,0.011304192346278281,0.011511326045080443,0.013997645186311192,0.02893925320845626,0.011911302818111879,0.011651415065345776,0.008655567765075504,0.011715318316528094
0.015553956474011336,0.018790199916524794,0.002402413393896956,0.01406050212801906,0.01382275705204058,0.014906188992511105,0.016766321385826875,0.011408403019714455,0.012080784619102773,0.014731570699668026,0.029124535414699827,0.012098682238232001,0.010988715397553169,0.008540660971743412,0.010949787514162928
0.015396578028375954,0.01837807529261708,0.0024988370315386006,0.014902247516443146,0.012642508989280656,0.014832746047198501,0.017318747104374404,0.01022825056001046,0.01086203717008567,0.013869925620717063,0.02656087471769514,0.011115003020913637,0.010307214148206617,0.009292071614893427,0.010301188826960697
0.016991334805955546,0.019196975796911434,0.0027394301031582586,0.013632165511425537,0.013055495763534706,0.014827386478980574,0.01591638864829061,0.010411023247663792,0.011126428711311061,0.01337562162054135,0.026174495196182864,0.011589824092967563,0.01023156196789517,0.009439166949447022,0.010249710551755973
0.015737287112058032,0.01805758938411202,0.0025840835314711176,0.0140359456355498,0.012134539695862211,0.014556908433792705,0.021697751009707528,0.009306010103800718,0.0101602935118022,0.012676705614132273,0.024571023581904584,0.010673666762714163,0.009284538200476967,0.009239170699814607,0.009274484744695917
0.01519310080813841,0.020185523516756447,0.002675218711939915,0.014739259122178234,0.01214336244241052,0.014841739482542122,0.017251821363852185,0.009509360669426387,0.01021869629222343,0.013261101687824342,0.02723999322737829,0.010937057399952411,0.009382408454940776,0.009560868541610704,0.009362606730756262
0.014601233411683045,0.018642520689265737,0.002480979558702796,0.01351256129799617,0.011955415685086518,0.014940892419846863,0.026901767721613293,0.008813100352797802,0.009685282799148865,0.01290750293992643,0.03111807192904767,0.010399678959546403,0.008562294329075551,0.009081909594489292,0.008525111617033242
0.014011662791663377,0.01848178153685571,0.0024037541219827777,0.014110499202942065,0.01130809897361661,0.014574834758998997,0.015887872854232023,0.008148193264942021,0.008998041036675307,0.012731716974541672,0.0251957444623047,0.009709450665919722,0.007940550369940116,0.008842234630316104,0.007912549474572692
0.013522390858241558,0.018145346698891368,0.002226147148078288,0.013324400651485957,0.011360201446425957,0.014451105768677981,0.020643622744497256,0.007883834030190821,0.009160991303713176,0.013819733420793578,0.027731440530655856,0.009955776634766838,0.0076815866694822585,0.008534014171171622,0.007634516851851858
0.014152253978060724,0.017768377811730726,0.0023420326993189274,0.013406175180743399,0.011428170095246859,0.014329922937880903,0.023277546039222986,0.007757508760473822,0.009052957246310807,0.013130914498474198,0.026147890087884006,0.009894583984426213,0.007535314305379636,0.00854518879861716,0.007532666702372804
0.013451867639075445,0.017474915664009782,0.0022330050732125616,0.01287969221871754,0.01138216251915807,0.014629212611911002,0.024814631805286348,0.007449502797577276,0.009512835088463551,0.014129865356543711,0.027068061094750885,0.009828784474398077,0.0071859833553746975,0.008368973603365512,0.007204587028079032
0.013680332867050879,0.019100140636031483,0.0021701238784060726,0.013531114301985165,0.011055245270618498,0.015237455920894809,0.03412757437885501,0.006984481614309131,0.009415679104285956,0.0131580506226996,0.02385853575377417,0.00940221861568306,0.00673292490274365,0.008083570881786356,0.006749556654314485
0.01304044113851867,0.01776593374023015,0.0020174756489692892,0.012510000091104726,0.010607638998756386,0.014581484039751067,0.024380286231163725,0.0065471667627359145,0.008785610106423002,0.014650131519807746,0.024464863696377855,0.009265042834614991,0.006308218191282894,0.007860170550891622,0.006326561996260257
0.013212951942524333,0.019422909237301028,0.0020661297711990993,0.012924556251188511,0.011042083337058126,0.015407661258355427,0.02361143041889295,0.006361914483748668,0.008814379423728001,0.013374839562482898,0.02440785398959091,0.009316481107444709,0.006106538602498785,0.007746478223966252,0.006134416061368362
0.012995675140837154,0.018007467994126593,0.002084277133928216,0.013794367419169078,0.011150457564732416,0.015680523809101923,0.019429057105685873,0.006331158792384422,0.008265109630166627,0.015892010532182966,0.02732710412794208,0.00922292652696842,0.006121424496856657,0.007935551068401617,0.0061708351294972085
0.015291601840342995,0.01837940842605549,0.0020015047379345454,0.015001840606632481,0.011600590441562681,0.015475892546447078,0.01864949189611746,0.006047475546593507,0.008526371050503917,0.014623694479744487,0.023654379259401233,0.009475592646383363,0.005777096998034458,0.007593996993024954,0.005822477574393822
0.01412187702775405,0.017590952412084845,0.002196000197618414,0.013370018037658376,0.010975344058807153,0.015345772662878574,0.015960871922596445,0.005771670832736219,0.00783856451451897,0.015062973661824542,0.026309346886248627,0.008982251061457239,0.005585140879362685,0.008498964114547435,0.005664055297665507
0.015560131619725638,0.017407459687005487,0.0026464553319314817,0.014106924593302506,0.010458323230284356,0.015233270457758736,0.01663593152486759,0.005739485699549493,0.007798449689491063,0.014082361576136513,0.022455193628534684,0.008577620749017361,0.005550118746348702,0.00884514783628212,0.00568440143585891
0.017192635715741093,0.017236795451126493,0.002465511750952583,0.013387784077403798,0.010591924703144682,0.015307556825178386,0.01905283845703014,0.006465861559163613,0.007582220898300997,0.013807736517277928,0.024498906607909477,0.008567090967359716,0.006433638208528969,0.008449349296740629,0.00659142059664892
0.01600043623888991,0.01884281600113507,0.0026136961565481395,0.014128609006293752,0.010621624886098104,0.01494515430019192,0.01632730004419871,0.006373705556499378,0.007577014797516287,0.012895427648760737,0.023578061755040597,0.008505948793946016,0.006104544480829965,0.009050283389277151,0.0061945058989415335
0.015383943653774214,0.01971768414729711,0.0027188074472279467,0.012958420286881038,0.009920989015694867,0.015399277639199611,0.015990318990596247,0.005910126443101116,0.00689078891228311,0.012666814044211397,0.027353899427295377,0.007988200234353371,0.00584781386766863,0.009138603735676279,0.005944991762891744
0.014656661723658768,0.018554545520626388,0.002681421148369667,0.013381713057525049,0.009613038697343227,0.015676022610473576,0.01501445623518108,0.005740342550545467,0.006916193785914736,0.012030330392333904,0.022602147227423184,0.0078032452938700736,0.005553310224704454,0.00890521449520544,0.005625787574871025
0.014488253178328407,0.01835109805320999,0.003141628742344843,0.013173441158133308,0.009324722941305992,0.015361922767816944,0.017618981208700306,0.005536246568163874,0.006304947715682072,0.01181977553756738,0.025091550214558233,0.007464058569594614,0.005435730052974147,0.010078983623719173,0.005502050685364498
0.013815090455384253,0.017729595293473024,0.0029119653250721327,0.012840644601525217,0.009224163910835264,0.015228823141506323,0.014628031208980579,0.00546874002122683,0.006341588384106921,0.011997206492533578,0.021532365062271054,0.007304677790450543,0.005245909558072549,0.009452122188402207,0.005294694322418196
0.01351483042483998,0.01733078343759457,0.002805963691477675,0.013052513275939058,0.008753077259757004,0.01505990888181902,0.014973959705396072,0.0052664152145938045,0.005825780398121642,0.011593915552378223,0.023165321180088672,0.007060151601242249,0.0052009293648551825,0.009197303002468613,0.005245660070011051
0.013018229970238819,0.01702253933725232,0.0025956957892076245,0.01243877006946348,0.008567315634808639,0.014814841147328903,0.01600954311759938,0.005198541551017485,0.005928045933446544,0.01147097357450567,0.02085119907909726,0.006893467608643538,0.005033209179362053,0.008966130297435992,0.005058422190975854
0.012920039720665511,0.016718434394313714,0.0025721098879030123,0.01252443241670811,0.00818364905204924,0.014654928128480578,0.022431188275170127,0.0049380330023548755,0.0055466802218374954,0.011124392032364878,0.02198635076309297,0.006665116767164805,0.00488734312625471,0.008845670061970078,0.0049067595582584665
0.012796177049623715,0.017169573377992436,0.0025726006757884,0.012479457260361966,0.008010109539589553,0.014541584247633426,0.015542158185120735,0.004863384776368074,0.005577398075525168,0.011024055718734415,0.020747935765858223,0.0065408540433341345,0.004766888650666834,0.009009258456526866,0.00477879276586457
0.012875943135690621,0.016793453374128034,0.0024539849538466538,0.013614173913817758,0.008297925508824683,0.01471626425908345,0.01726201697082988,0.005378153111607272,0.005800315778434307,0.011618771800081439,0.022771459333214485,0.0067500332313388985,0.005428821211087441,0.008602206780591199,0.005496334985611576
0.01244952085668821,0.016541793253797135,0.0023517538241955138,0.012857931858926617,0.008242685154212106,0.01438218509664604,0.01599529676251941,0.005334580535677524,0.0058269354605011295,0.011173780084747224,0.02624088438630732,0.00665975002434386,0.005137028214564879,0.008366264106038709,0.005160752105011445
0.012218061570743101,0.017349707399527226,0.0022616188430723163,0.013174319475250742,0.007768918940462312,0.014371057514091871,0.016966530332059204,0.0050238572573097105,0.005401586929967729,0.011038198767526224,0.027353078904245934,0.006398981624323502,0.005010604385283881,0.00843537450757575,0.00504921390555187
0.012745716000663636,0.01777852243603597,0.0023321471861285714,0.012862655763376267,0.008055495552866885,0.014128145702233707,0.01593400690815995,0.005256145340826867,0.005676867213666191,0.01078206475594478,0.026116881936557902,0.006811385585831935,0.005259583809071358,0.008610022706284949,0.005257633618303994
0.012379174051030983,0.01724762164776903,0.0022830381355198655,0.012673448778240996,0.007936886747478833,0.01396010818579436,0.01606632901046432,0.0050573796630377045,0.005668566207231563,0.010695046214737618,0.025095663469283366,0.006770228246941782,0.005148180436860701,0.00841905970959669,0.005132814241738643
0.012080656654482385,0.016845007787683754,0.002174617522416684,0.012570492321301306,0.00778100321761273,0.014025041993759663,0.014284495549586093,0.0049531294759664005,0.005605989049764769,0.010474855817707171,0.02392463823157098,0.006554756735649266,0.005007571156173934,0.008136888297043753,0.004993168194516046
0.013024701279601304,0.01699903240441068,0.002082765812160396,0.012588202329210232,0.00859974721285576,0.013891484125856031,0.014468866584096698,0.005433166312959267,0.006113220398514903,0.011029736659283675,0.02614771593166767,0.0074613138632836865,0.005710966371185647,0.00793225114233451,0.005675261853762733
0.012795363552667255,0.016819331573780693,0.002058151357648384,0.012281733863504098,0.008700018605873654,0.013718220606066365,0.013844990267856912,0.005383777306953888,0.006305654687159532,0.010754957912509598,0.03016868939069893,0.007406407764708142,0.005397793549220622,0.007860161610619176,0.005331751283283451
0.01307162642152767,0.01640283332138814,0.00203835175394185,0.012159999630763136,0.0081018790986493,0.013540269141098061,0.01441456952984323,0.005225472795443145,0.006123312820276725,0.010693907299390217,0.025660581022024172,0.007242686953075792,0.005429095093071514,0.007627719198560075,0.005421737803157306
0.012584715332231728,0.01627453017157774,0.001938484487233118,0.012166524713966119,0.008400606474640747,0.013375579894559966,0.016849179486696418,0.005397565704940293,0.006420240191255233,0.010809893220882525,0.026491621857219424,0.007490403684609488,0.00556001918368513,0.007428628828779057,0.005566761447797161
0.013082335571488815,0.017012996582174224,0.0021018217952503233,0.012638765872528861,0.00937234496009024,0.013292777115242252,0.014007574554128271,0.006393651752450224,0.007535338626458135,0.011776985536992374,0.026126610018100287,0.00813666260561446,0.006711870519740742,0.008183128496454644,0.006630032962274054
0.014237465181703943,0.0168921597426816,0.0027211984809091183,0.0119472648166665,0.009940533791353004,0.013165881894673236,0.01612096187632984,0.006979897083806318,0.008159802144782907,0.011250857163392842,0.02937525603987413,0.008700501133334844,0.007010796631323092,0.009745748724857221,0.007002887014323489
0.013634003277249446,0.016612805603525415,0.002607709125664988,0.013645237837011086,0.009161291692085816,0.013116782330058889,0.013848220763574212,0.006786176017837117,0.00735191913968775,0.011205067190756797,0.024189876822805184,0.008248281828554511,0.006888570210793466,0.00943738351696398,0.0068968032269226265
0.013957010735799802,0.016197055153867358,0.0025490508180485683,0.01198332103434653,0.009178866504014326,0.013038619529481758,0.014151020540464196,0.006481286974012124,0.007393484345584078,0.010800035584215406,0.02593682541880792,0.008006493280826983,0.006420704083555766,0.009213355483003843,0.006422663184547425
0.014639793912782615,0.0165105027949219,0.0024138491111262966,0.013241542315033607,0.009124684873330615,0.012850216455661064,0.013575897485948856,0.006891691074210321,0.007318540724758439,0.01150915901479437,0.022915986392494037,0.008261711045899794,0.007038129782995789,0.009019585790002158,0.007005017708344456
0.014858944124126212,0.016004460157608886,0.0023219416428853514,0.011835715147507446,0.009406634735770195,0.012750847425716427,0.014477738763591512,0.006849153608940628,0.0076286796165485294,0.01104511399419813,0.024226035954127312,0.008380925585118031,0.006704806999066163,0.008710826137268358,0.00664463180377222
0.01416900209886363,0.015709961531796143,0.002187300560296859,0.012590195918135483,0.008629437931631925,0.012588101652401526,0.013192678804932493,0.006264147757386067,0.006817467622700789,0.011057328356483312,0.021753908431717553,0.007831854319987494,0.006340795177618399,0.008427891418651004,0.006285432771452359
0.013860213117757599,0.015976090815228473,0.002402096047945816,0.011631401123761988,0.008741690360180698,0.012456814917556243,0.013666945701457362,0.0061025802535578134,0.0069694591217244325,0.010707697666725215,0.02283210968492557,0.007795811190390954,0.006024612591520873,0.00846410247739904,0.005967080572061599
0.013294298326975533,0.017243543790686662,0.002826703241872725,0.012101411575160623,0.008520170120229051,0.012409759929140363,0.015813695150501718,0.006434816414352058,0.006422395541792217,0.01119052759401784,0.022905119305775032,0.0077111707947949415,0.006627921456247531,0.009422206060902353,0.006641028604151016
0.013530926448961367,0.020889984980074466,0.0030695844403728673,0.011448542782185513,0.008581130066594974,0.012242538364566714,0.02408647887052559,0.006308080998469778,0.006612265180403048,0.011074185205079882,0.024643138179369077,0.0075931379081164065,0.006128180810470768,0.009408932773283344,0.006106264493499721
0.014012952331555313,0.020021098201691484,0.0030347660906546036,0.012145169984501302,0.008586378911792114,0.01234685686150893,0.01854624285864472,0.006233364000024139,0.006524768977471899,0.011121256711904988,0.0217172152566017,0.007832580930174084,0.006377294479604079,0.009378470021645314,0.006416941854248791
0.013304859183226983,0.01944444483320251,0.0028579466683354847,0.011445361021480154,0.008733422730326268,0.012892969053028593,0.02249179674173009,0.006153278243899765,0.006550857358902719,0.011056112856990713,0.022927915008794635,0.007759179030147342,0.005948083796971267,0.008994184650044363,0.005956893710167877
0.01297545006004558,0.019081760170628723,0.002739702637708508,0.01177739042621779,0.008084953502342307,0.014465662795865713,0.016824920187923573,0.0056039686481113415,0.005975670258589127,0.010935475388153171,0.02142661296677415,0.007204152837254153,0.005666255261762244,0.009028559695595106,0.005683559487218533
0.012531995222789439,0.018807941307805533,0.0025869402017876125,0.011282304277142677,0.008354871868518162,0.013523011908375269,0.022766997274427495,0.005747220521086081,0.006321469914901607,0.011051966813303551,0.02255239986544473,0.007381069366868727,0.005579595303669266,0.008656140624797819,0.005601237751008704
0.01224532864953659,0.018280096672279346,0.0024472413208242406,0.011560288063597662,0.008007142685545404,0.014002894365725554,0.019307870725464707,0.005574035346338085,0.0060729185753881035,0.01139275083843601,0.023188774141416714,0.007077540838822632,0.005532652217882942,0.008400543760449256,0.005641446196585604
0.012977078927921404,0.0177457948619363,0.0023277946306322897,0.01111645963949188,0.007955143280775108,0.013709952752364293,0.01745376196932318,0.005461213569639364,0.005926746718945643,0.011025961651747455,0.02223583794267681,0.006973295946216611,0.0052835164419383265,0.008137479742937954,0.005349127133348852
0.012364309983277455,0.01727765150850013,0.002226469623167347,0.011426410044912605,0.007611736233882308,0.01359451714043071,0.015811900567039298,0.00512288498313021,0.005636078093493727,0.010889836743025745,0.02199633760588043,0.006665962031081536,0.005103668429069947,0.007926131323443561,0.005165144422776732
0.013665633936207304,0.017111729972353,0.0021303803351737038,0.011813076372415078,0.007905451664474868,0.013387480944080122,0.01570040059159379,0.005387531687781568,0.006199423450660356,0.01095153712167657,0.021324141135604418,0.007116923882706904,0.005305425481330834,0.007706160406881089,0.005322268494896273
0.012870423512806263,0.016683524506442275,0.002079244275752878,0.011486655792534647,0.007761363059887294,0.013243911039344674,0.016662029913232276,0.0051745156371207635,0.006142903888614583,0.010730110619955588,0.021420005287932337,0.0069806198968796855,0.005094378468254477,0.007479394053568877,0.005090623548583851
0.012659002027659955,0.016702505780665976,0.001977925004362551,0.012244692807290453,0.007971426238927513,0.013085990740142748,0.0150452557670939,0.00572984881296569,0.0063411879223523185,0.011215849269358449,0.022397912557011762,0.007228704421873442,0.005684182929073451,0.007340010505064974,0.005690282220082979
0.012403939838259426,0.016276681902353457,0.0019413666416233236,0.01134354054163485,0.00792305322599496,0.012925883789601755,0.019346949019711138,0.0056094400741974505,0.006420343911456805,0.010824272707553349,0.023152343945713003,0.007147276468809344,0.005391135275336576,0.007659625550839347,0.005379095844852501
0.014133807870117678,0.017055132610851734,0.0018891006508811896,0.013874365047738988,0.009920525023374437,0.012824642617733119,0.015537737553739979,0.006471077914536672,0.0075892703713861635,0.012569990213561732,0.022182986934492863,0.008721798352334312,0.006375279317730137,0.007990279041857734,0.006262688127029674
0.013776580214777285,0.01851105237763869,0.002195335976367179,0.011650807986525317,0.010921519279279836,0.012694545401156616,0.021798611065275367,0.007174467938863334,0.008397703886188889,0.012768640088097529,0.023532738929197564,0.00952482211532926,0.006968464342593799,0.008792015500762657,0.006817857190938847
0.013461840185787046,0.017232933505498902,0.0020812771889578154,0.015830163918789372,0.010017709120990028,0.01255442445721183,0.01588617218682312,0.0067397611391959945,0.00771380715003136,0.012393886762662024,0.022853907826639857,0.008943439519302843,0.006555124271084017,0.008415073991099002,0.006403388269128921
0.013132210387793029,0.01718274290231658,0.0020530940323415393,0.011983674557734733,0.009983711271364862,0.012413938531562281,0.02115521430037945,0.006569985895473054,0.007817542014062732,0.012478092769375695,0.022170871371728115,0.008737096104710778,0.006369063579499339,0.00829143009112512,0.006248619248269546
0.013655696188227531,0.017222412681661085,0.0020043498148929373,0.014740389742556322,0.009562629642787646,0.012420953667314726,0.01488345586570845,0.006421276104452681,0.007444728848208666,0.01319307712593335,0.02194805325366998,0.008379803378335195,0.006280721084183797,0.008219761033910457,0.006159910112965238
0.014679193328270848,0.016882122908978395,0.0019722468313548534,0.012479930422765732,0.01020831850340304,0.012736217299645122,0.01819397435263737,0.0065816206870835305,0.00821192159726345,0.013118761658366573,0.021317814558528075,0.008649221414656225,0.0064354850137341,0.007979274475832784,0.006369699917748472
0.013796863291775176,0.01835960664289274,0.0019351894354825369,0.013924831374204074,0.009540613261571837,0.012788706889310872,0.017012426735385583,0.006370980904422373,0.007617537076448336,0.012776843846138492,0.021329367075455054,0.008190460341077904,0.006227694851954024,0.008140495905550877,0.006157705498373394
0.015044744280876501,0.017142816115142286,0.0018771793768263408,0.012499114535786499,0.010168975910350373,0.01260334943136015,0.015971733336138293,0.006457178391320794,0.008208177251146661,0.012870358763726941,0.02208867584589278,0.008757631370454887,0.006424914923607872,0.007837583656432329,0.006332153356225825
0.015012926320796895,0.018431109475034714,0.0018421351267327924,0.013435300857599232,0.010082373146428984,0.012757979142350828,0.019327327557572434,0.006248348905606048,0.008132067675512928,0.012657555680217933,0.024704531850771563,0.008588269098687698,0.006082406152895164,0.007756205687087708,0.005980352756910761
0.014420230683735746,0.01819836719612171,0.001838094529225492,0.012349685080270144,0.009557314062359044,0.012459451680583915,0.01740832193976908,0.005877525192384118,0.007660026855908632,0.012317949824496261,0.023441916312973942,0.008119835987788144,0.005788342433482156,0.00772498112259549,0.005706574615752061
0.014359557358481836,0.017954890932263698,0.0017652546236213082,0.013000704993904077,0.009900110125510729,0.01240993056221352,0.017008009352700894,0.006301008565378973,0.007904511049044927,0.013493557529891034,0.023381256722860906,0.008344894896878934,0.006390849898695635,0.007501954281103677,0.0063530683382828565
0.014082756211527946,0.017399146775619365,0.0017044745636974942,0.013820066082648668,0.009816063849180523,0.012701408365197992,0.014967893521744833,0.006143926398820384,0.007851558047769696,0.012675154258862294,0.022431178958982015,0.008170839764398207,0.0060102997203198075,0.007693250039078257,0.0059702699179780975
0.013799699795160224,0.01701619032949502,0.0018395985598558908,0.01263827962372863,0.009219920134316184,0.012482002110325711,0.014617483895480326,0.005844045166591831,0.007269627331998724,0.012551032511211882,0.022096597701403247,0.007742639426011348,0.005840718425521041,0.007957452841384662,0.005826180503380091
0.013260764335154393,0.017224278291823082,0.001755486931703351,0.01310686999450634,0.008992283411263432,0.012413004835090564,0.013919959477147772,0.0056294716889284556,0.006990307034986096,0.012071648485769844,0.021751874577300493,0.00749915641008195,0.0055426481958742845,0.007661838888426562,0.005521459382966011
0.012875080295089573,0.017754817876632852,0.0018035297118399445,0.012281463326387798,0.00858866624709666,0.012272983376570241,0.01368462159271872,0.00530733102039706,0.006559284462537998,0.011962266178910547,0.021389167492453055,0.007199297280069531,0.005305719045608352,0.007715599438209379,0.005290049845623809
0.01255377348929305,0.01733579479115588,0.0017715432437118885,0.013407998671558176,0.008660067418213286,0.012768852153850527,0.01443088873021324,0.0064973590642178215,0.007184737145144238,0.012220686160902734,0.021509125864343403,0.00776782079776922,0.006681663268706954,0.007772447241692273,0.0067597372183389026
0.01641243091911783,0.02336527424219839,0.0020612289690438,0.01488559814206165,0.011766246070961828,0.012385363005723389,0.015093040463101191,0.009186582998580054,0.00982006382247914,0.01361720728981657,0.024935642450925756,0.01087056162185645,0.009669336795682519,0.008693042938872542,0.009670772357951232
0.017512084853277755,0.02204953759614154,0.002019251691039001,0.013748952703303128,0.013393314288484346,0.012455677579915092,0.017357730287432694,0.009564128396413706,0.01099196075728363,0.014409790682801193,0.02975854495289966,0.011911878353742718,0.009527669953515389,0.00844590619816342,0.009530745613757635
0.017647046700725214,0.021494301572642677,0.0021875863112900185,0.01408303271462181,0.012200428643216547,0.012237042479057552,0.018062779040489838,0.00860419446588091,0.010072617041704715,0.014604208110585049,0.02630907968128391,0.010895218647355785,0.00871662069951438,0.008634167382205371,0.00871747242208646
0.016572097606426382,0.020854341514553665,0.0020147105887506813,0.013251367994001163,0.011858526399645693,0.012913140854639437,0.028859017003517628,0.008131022929631547,0.009598822329019572,0.017014860959712753,0.026668794355738837,0.010418774253573444,0.008074399691912312,0.008241492724307027,0.00808292493823033
0.022809420621853947,0.023026757565785063,0.0021660387521125132,0.01449205071521175,0.014022700924314508,0.01346326089983576,0.048862448699273,0.010460369754528503,0.010848363146879219,0.016514794046342346,0.026583020121764948,0.011362756588679846,0.011251910120526431,0.008427552775707997,0.011233768416492903
0.020177524186646062,0.02100641646497719,0.0020159240187556495,0.01745257823327752,0.014979809552070152,0.013069118147580782,0.03533972293260166,0.01055687332235953,0.011757015137749884,0.017928712221481874,0.03048551711692782,0.012189539820449164,0.010289828900693354,0.008053052691205511,0.010156989560483469
0.022234051765363146,0.0217427049057605,0.002292642994102012,0.016981345673147543,0.015061229346500202,0.013581389983547965,0.0339409511231786,0.011018261802466458,0.012610555422598169,0.019964792244583193,0.02555281047740326,0.013571478761142003,0.011311089823392389,0.008752486301376958,0.011310316244767395
0.020330037421605912,0.0211309037274545,0.0021742470344092166,0.016354706581973043,0.01530860474396438,0.01441412839127093,0.03125813126309915,0.011274464540753155,0.012651655793330692,0.01818077238938102,0.028751803225990157,0.01327863267853436,0.011097596485513984,0.008827164428174307,0.011005943634471254
0.019641129196032118,0.020432728138697433,0.0021552343274896073,0.017356476328606037,0.013598781052563036,0.01367147683425761,0.023940927020721238,0.009913225339664244,0.011043718183972201,0.018683807366296646,0.023983799579370916,0.012038499489729088,0.010085711210246649,0.008545531539391998,0.01001080538830435
0.01914519341067682,0.020408370618802518,0.002246628179890813,0.015574680060122057,0.014106588034152828,0.013904452649463512,0.022170036194353017,0.009688176782617809,0.01121075438633891,0.016818802944468553,0.02606226467543499,0.011956150427999768,0.0096002014925262,0.009005926128759145,0.009526065584636593
0.017986656674675843,0.019526894115254233,0.002205891014767991,0.01744372656605842,0.013045727953553597,0.013609825872351702,0.018819396354662933,0.00900609264227394,0.01055044143551338,0.018699832108264966,0.025792649999470407,0.011353739270599812,0.009191869589361973,0.008563705489594509,0.009096573619920157
0.01725370697889358,0.01984990906732303,0.0021671556106635215,0.014998225095746096,0.013240031307884202,0.013701521844015956,0.018988062944886093,0.008591585527304607,0.010738194067764323,0.018857131201276814,0.02987846956391909,0.011175493792521408,0.0083896604917766,0.008449272247382676,0.00830965216131873
0.018047768370770996,0.019283854356830922,0.0021172950662438892,0.016212940913463907,0.012031111616169378,0.013462986526534626,0.02575780019753994,0.007902477700231956,0.009568238050731226,0.017706538001401626,0.024668491447057878,0.010404898697862153,0.008104806343671939,0.008269587903595423,0.008052509819169586
0.01702623352818713,0.018702436855689102,0.002021492955253506,0.014494315714055642,0.012275614499626308,0.013463541576914201,0.020332199893083488,0.0076434409341696,0.009764870248242147,0.01651711062882355,0.026935643120245836,0.010333081265979078,0.007485585153114299,0.008062425596777343,0.007429468367251758
0.016210992714472152,0.01941311183205704,0.001963447289085362,0.015153896172991404,0.010832501560900749,0.013277657542436372,0.02048530842958261,0.0068654063724932065,0.00848158816005572,0.015849930020798028,0.02934050444147225,0.009248718249044219,0.0069569884163348415,0.00790128447724496,0.0069200563399090505
0.016934542950411316,0.019921504328306902,0.0019282191721765563,0.013904788272390098,0.010988017192355783,0.013130975395740197,0.01732701819611765,0.006749980809202534,0.008657824491624132,0.015122321173269367,0.0374678282382157,0.009157455563055725,0.00666585552993417,0.007888791381185917,0.006658835851195258
0.016423310765404972,0.019407004054097964,0.0018437124209783598,0.01428474130262677,0.010270086333424909,0.012976042978862387,0.019942700092267177,0.006408045321560495,0.00781674379472026,0.014329134290602119,0.031337717117261674,0.008821238045889697,0.006458190174280921,0.0075942045899541726,0.006455063162413428
0.01612400198155566,0.020136574322550577,0.0019542114907147136,0.013532719386541906,0.01108091754792203,0.012930615264431098,0.015596717282433148,0.006510944644241762,0.008544157545671246,0.014939604740284253,0.04014248392627083,0.009532214706682472,0.0064371218910889505,0.007720623625147725,0.006409809331340569
0.017495191154876154,0.019746148423543122,0.0020203068379234905,0.01585766247227088,0.013156367285906691,0.012720758762851048,0.019546409295859858,0.007536987735815767,0.010121812903138495,0.01877662274967365,0.0322769043731911,0.01143053158532154,0.0077836381403004,0.007875438807902776,0.007805059999481275
0.023916273476468315,0.024118634941801664,0.002208106161190514,0.02065647602088902,0.01992137238729695,0.014383406270294632,0.024370689742815595,0.015995455302840463,0.017369188431664732,0.02395088838908245,0.045497754013213855,0.018301850744103735,0.01676095308855971,0.008667225502200379,0.016965678808126813
0.024597956564123617,0.023798709150622238,0.002072614231364504,0.0179491857036997,0.0219272766756332,0.01415666672352458,0.03702032771169442,0.020030547212167155,0.02054815863583706,0.02216269134518656,0.04522902056533555,0.020610095998939655,0.019983209393562774,0.00828154259339642,0.019910200113616102
0.023242190023290574,0.022875117351960305,0.0020211721651380477,0.018947263308687116,0.020048283028940506,0.014442051745632498,0.02445310403957789,0.018125810802915657,0.018790279870917432,0.021350651346652864,0.042164524884403976,0.018839570374923252,0.01767478001460796,0.00819102416819754,0.017558280898228064
0.03258919491663864,0.026455648577936367,0.0019302516763429012,0.02627997296064487,0.026731663002108875,0.016197486503656898,0.027329867491540365,0.02501908143830251,0.025314053646090476,0.03411019205316031,0.04118916081475339,0.025557208065555247,0.02604466715477399,0.008482626029231147,0.02592415173752625
0.028391332170644844,0.02369376767669718,0.002989472925826533,0.01973501265466011,0.027237336626865047,0.016059433313294357,0.033496282368521355,0.02415751311430024,0.025743796111179468,0.029883151511442073,0.04698476463066454,0.025074701924298524,0.022526827885077018,0.010325858464036856,0.02223501670656726
0.04096582858564803,0.027480819891115935,0.0026696505579101894,0.02637676547643637,0.02765985369200333,0.019851880956032682,0.02368844431806162,0.026973880490336655,0.02703824246913238,0.03767817243092369,0.0440727783785832,0.027729751966586093,0.027378976929489304,0.009703702210466016,0.027746324260967938
0.037309268853479634,0.02779464749716765,0.0034028698496123303,0.023271409726918425,0.031065739415264356,0.01803503859695374,0.031235600263632656,0.02905532140919051,0.030480251560052803,0.03656757165017679,0.04070914448713021,0.03030056088204499,0.027180436815141474,0.010421070247583758,0.02704709813985587
0.03827776844968574,0.0290007025681647,0.002987638879678821,0.026422474728513123,0.03008354988088151,0.02549461153949182,0.044322090403603596,0.02983906582334168,0.029519751553459015,0.036928251536430194,0.04417556525938484,0.029944335332270172,0.029945551084466268,0.010263249015130822,0.029805501528327883
0.03678124338511374,0.030239263503821827,0.0032830769193546564,0.028315749644623564,0.031811947479745264,0.021021734343593147,0.033710309637801486,0.03188471477030813,0.03276726753586672,0.03347289104674986,0.04535798569338157,0.03146526866672411,0.030353362487318063,0.012125284199347235,0.03023685863022271
0.03435624907882628,0.028570436568672912,0.0037648644051689333,0.02522947845367179,0.02945368260976762,0.02298707099505121,0.039196560149481204,0.02871854663554084,0.02958172929910311,0.03346479507686789,0.04155935555424478,0.02846898459692246,0.027940793861227657,0.018379847446006466,0.027822699618936575
0.04340996439110827,0.0395308181675764,0.0036538807162047804,0.03440180376920783,0.038730579150131464,0.02357692476939731,0.03465844363468,0.04095098469930914,0.03972979462377066,0.03979458032801525,0.045622946891508864,0.03760325881405842,0.043894680609732256,0.01791737687171986,0.043711105885997546
0.044979052704177416,0.03818497229249317,0.005984846503224148,0.02964284433747484,0.042735159467278946,0.024332335956955737,0.05580202945403565,0.04321976313038972,0.044157593094032145,0.04273957133151767,0.05262830832617576,0.04046603600674552,0.04344954138302007,0.02285765807443114,0.042850216519642104
0.042922776586282956,0.042667222940847925,0.008732888767984285,0.03616720632047281,0.04263530799596014,0.023294284716821136,0.04596423274815462,0.042794764694239935,0.04389077338181649,0.0420876051656512,0.048033401545856454,0.04024025800177768,0.04461276545370303,0.023260290214056446,0.044442071916920484
0.05421166523795142,0.054753237228166246,0.021725905931249637,0.04157141293051204,0.05371446973696689,0.03440996712104866,0.056111791772866494,0.056727855027794274,0.05429260299941945,0.05386276635561783,0.06226331554952476,0.051193915485002094,0.059408214040568376,0.022010725267097745,0.059835126919012625
0.06159517848618241,0.051496668376867484,0.023980000359391962,0.045850631008404946,0.06334551389554888,0.03658591842270055,0.08074577341477297,0.06429684170549503,0.06140056240438375,0.06781594673390386,0.07583029953464297,0.0568350916608648,0.0624922620781991,0.022153785292215202,0.06437145918227834
0.07357600639192274,0.0889807128260995,0.023006706791937472,0.05855743116900178,0.07713295607903996,0.038681865277207426,0.09043702228808373,0.07645791660143737,0.07468012503517556,0.08483007877055225,0.08846909614993245,0.06922703436395566,0.07527231722012448,0.027676963801639944,0.0792245893879864
0.06662644455229533,0.0726921051921526,0.022377681434360183,0.045912732494082675,0.07878276773861566,0.04346437485237998,0.12168689494858231,0.0751165112759821,0.07675935453300542,0.07877009070457948,0.11134578863460534,0.07178904310448514,0.06925093928269412,0.03195383882944507,0.07357570301958205
0.06285102186269882,0.09412950491022377,0.022780663788482043,0.05276456749439343,0.07036181445476497,0.03947888228031822,0.06532376180265553,0.0692877254759939,0.06894526294002565,0.07467051630013198,0.08312064364047807,0.06454989084687865,0.06606227511503457,0.033732564716952435,0.0704106005169533
0.057837513955982106,0.09296814059120369,0.020832566906379357,0.04331580819322463,0.06790853566723368,0.04400427123199206,0.07747041311238198,0.06430278523659452,0.0672441411901508,0.06566979423552156,0.09213787909120612,0.06102751314691132,0.05847643624614974,0.032445530095740624,0.06227796093072279
0.05851140116323039,0.08674960870057837,0.020668838986176816,0.049251528438488956,0.06120470925100704,0.04496608288214345,0.05369188270801911,0.05816490928997733,0.06029165642753301,0.06276624591961456,0.0683128490401599,0.055804324501904784,0.05589914054296973,0.037386165653791395,0.0593635859313849
0.053684567896522324,0.08305132731109685,0.020371789456838554,0.04070003331952506,0.059436706495762444,0.04346621214873521,0.052136428393206306,0.055567505551115566,0.059359606578256396,0.05495822451901524,0.07361108306056223,0.05310553998352377,0.05084909694210601,0.03619282002524846,0.0544032938626859
0.05981382247551907,0.08448263455838526,0.019145653606196744,0.05024397107899006,0.059348624750273436,0.04341255992564022,0.04370858153619708,0.059235988132031056,0.05987071065108949,0.06078020608222381,0.07008689076871939,0.05340270547476681,0.058982158868881515,0.034944135593886885,0.06284085715077045
0.053370771207844926,0.07816714394529028,0.018316614672480466,0.039653446733268136,0.05951659308357821,0.04201449554264362,0.06851451823646813,0.05662271005419511,0.060635850547272475,0.051786567307049634,0.08877458117323496,0.052046505922586875,0.05170997001797386,0.03336251418591332,0.054586587425173
0.05296383420230542,0.08349732879476253,0.017180590743999916,0.04849519430106424,0.05411511936983748,0.04724476641368892,0.041152933332296436,0.05305580265670667,0.053896152912792046,0.054588362762532885,0.05666360711263563,0.04812304998209513,0.05255332085572597,0.03197411693563792,0.05547559337574
0.050588625702312706,0.07755411359552322,0.016068387179619368,0.041049607205850006,0.05664563809051359,0.04288734167536717,0.054840154828502866,0.05282240620405226,0.05685139083440692,0.04872787715508839,0.07146833494093764,0.048940541399866706,0.04818209690627058,0.031512835243625165,0.05064771441574569
0.047499179427293585,0.07550730111794893,0.015003578026050528,0.044805688387686546,0.05018935355728377,0.04442248955689632,0.04461854523598112,0.04654671804230759,0.04908053647087963,0.05289311848145248,0.0476913265445763,0.04408569050600344,0.0451018412920935,0.03002348145289431,0.047296043614984275
0.04386924863977965,0.07109467342556994,0.014364421420658784,0.038307207254587715,0.05030522171631664,0.042084683752435244,0.05376485424030939,0.044860678603020704,0.04968377920349194,0.04502243923286657,0.05945920090486978,0.042956343854086566,0.04064468624266348,0.028864431927048448,0.0425907117866106
0.04510236972763464,0.07067490932668183,0.01346889040217112,0.044481750585662505,0.045804236212888254,0.04214276294596271,0.03408700518019708,0.04189270974524387,0.04472280966189133,0.04579683345655531,0.045410729711382686,0.04023945846475756,0.04173376022007787,0.027884394962957467,0.04340071025495344
0.04121800147954403,0.06846541622268652,0.01267420456935495,0.03617237638058992,0.04643805389965858,0.041792830648890014,0.04693858770513735,0.0411403119855889,0.04591737339290414,0.03925239126767432,0.06109860167992077,0.04004041518260497,0.03796129093220586,0.026689249280596385,0.03934320364472249
0.0388224277519819,0.06464766479578665,0.011781232682912327,0.04054712655698454,0.03968205642132036,0.04081582325738843,0.02734663967288537,0.03525049769479345,0.038419887344544455,0.03819365349924868,0.044265528857983585,0.03480039627604736,0.034590744079786365,0.025560050968932848,0.03590806454823319
0.046017922988023326,0.06623128945753846,0.011063309634654466,0.04370281379790046,0.0472464380219141,0.040073395339418685,0.04082254269204863,0.042027063109514824,0.04667721216371087,0.04210498286472791,0.058823044461087645,0.0416807527562073,0.04175945591429883,0.02448125145226735,0.043033191020820524
0.04099976828989218,0.060929903580454026,0.010280361213806986,0.03751667636157323,0.04369810404014489,0.03911764832848857,0.05464724046029018,0.03802152793506759,0.04294451076637679,0.03808006476710496,0.05507809462076492,0.03844361740679656,0.03628492082904362,0.023635423550726724,0.03710291948807118
0.039446039965711555,0.05957400758571478,0.009655685454561273,0.039849993427704414,0.04108343606370918,0.038931287228239284,0.03385056105376973,0.03591339988423484,0.040236947618226694,0.03494209061105052,0.050105452169539516,0.035560665912696486,0.035611504287457414,0.022683877393428805,0.036551642744738946
0.03627453117921606,0.05669559125365482,0.009776853452772698,0.03467172391355383,0.03830138657253647,0.037733435014331004,0.04170451032046912,0.03328790036482264,0.037490454218940455,0.031497791503231405,0.04563555274008552,0.03298890197251976,0.03204953034944389,0.021720120507147923,0.03276734234698604
0.03435370467786719,0.05431408777477317,0.00910385045967977,0.035887481801796406,0.03490225220445485,0.03719342849026494,0.025095872123696718,0.02939850632054204,0.033888832870621256,0.028895392868576744,0.04149980032901218,0.029967464445443848,0.02901581166995448,0.020975399055341303,0.02977164665637465
0.035917482328785375,0.05230776820052615,0.008560427756921216,0.03544405076512105,0.035145403682882825,0.03773512827837098,0.028178827664009067,0.029484864915900032,0.03410989933878276,0.03169920935808497,0.040535206413565124,0.03153691370449819,0.02870090475155734,0.02005346464965772,0.029564196884409796
0.03278307006041937,0.05126279698831695,0.008103800959815883,0.032947774228050626,0.03340719376108078,0.03617656962370339,0.023461477869091495,0.027876176030023046,0.032355176006315566,0.028223164150230084,0.04008373817819673,0.029771987392218143,0.027224324894235926,0.020649366325688034,0.027986780208211076
0.030757707273189255,0.048144107668387795,0.007591973042230452,0.03220660395550297,0.030672456947308076,0.03619568303197632,0.02102521628342418,0.02530732911822759,0.02948539994022046,0.02865653114577243,0.03622319732354004,0.02751519765751404,0.024294167037090513,0.019702844445525215,0.024981072241528055
0.029028971090167787,0.04699242659681515,0.007073446961444751,0.030693465848156635,0.02894449076249593,0.03516287895592111,0.018739473909348055,0.02455433416265259,0.02812401619928814,0.025203067082660135,0.038544000569435674,0.02593100524485591,0.02453891564329475,0.01929856917746011,0.02528194894360054
0.028096098409586774,0.04538515693824498,0.0066541073323577475,0.029876470252315705,0.026842295003999362,0.03455316022981844,0.020311698445723114,0.02368432585993534,0.026282035168678507,0.025344251438302143,0.031398945471392506,0.023774817683944734,0.02317702970039169,0.018535926065379727,0.02381106798701459
0.028435073760003787,0.04530501889612243,0.006197049028427134,0.03156584907534106,0.02947095688643052,0.034709137566617004,0.020201159408562354,0.024783055064267066,0.027673281070107435,0.027612443720693734,0.03819164339898284,0.026210264252287962,0.024933616004845983,0.01812061474620962,0.02551739061790431
0.027733955784772304,0.045051226955171254,0.00581866055112614,0.0305604371847475,0.03108947262803341,0.033996324440981725,0.03889645539344217,0.02473516538402381,0.02812547975335925,0.027763174798182876,0.04270008000343507,0.026544247314449168,0.02379355946292638,0.01753628813902055,0.024166622694841725
0.025725568606372637,0.042138505918821616,0.005437683577213768,0.029067666189518462,0.028863009385044838,0.03356674114887341,0.049314672710624785,0.02176113134183101,0.025842678812216354,0.025511131057012484,0.04030542094019193,0.02439263529750492,0.02121877416838586,0.016843528778941776,0.02156809028107463
0.025874890275043985,0.04107764818035782,0.005100596412305747,0.02794949381875732,0.027260441601318432,0.03295028138156637,0.0309979363514314,0.020620641591397794,0.02428008564262846,0.024414422340705396,0.035536154668359014,0.022938828502973563,0.019870630444517833,0.016162164570404904,0.020292727346836296
0.023793894235564925,0.038969743947698206,0.0049331536447714845,0.026696544633361463,0.02554580677158163,0.03230948939833739,0.0372176135896418,0.018991409758973742,0.022680269540302476,0.022086939976292123,0.03453135364529824,0.02137763295628514,0.018683361509344056,0.016422671789312483,0.019047823548707057
0.02324932628438124,0.037593310833137904,0.004712941824150014,0.027924018805557123,0.024068661240144108,0.032209862058493514,0.025973393573309682,0.017671594762173014,0.02152757309290298,0.022858498996467625,0.03208813005150855,0.020774567650120625,0.016867389409169712,0.01587386507660671,0.017198026940329136
0.024133060893830546,0.038098022161109,0.0044072847234447755,0.03874409248878383,0.02620693306652345,0.03140772295151535,0.035037536916946777,0.018642245541970078,0.023314307046108085,0.025990690508297304,0.03142447379828873,0.022917714620474382,0.018712703815944597,0.015274930500759294,0.018919385933503133
0.02316323291494566,0.035877597402630385,0.0041426887399980935,0.02728540244128606,0.02506313381377582,0.03083277930038312,0.048845587902091724,0.017825006607422006,0.02221189642588757,0.023404341547229084,0.029805262521309314,0.021543667499343205,0.017057080635432122,0.015035757860838297,0.017093706769169503
0.02250710470749189,0.03772153887064697,0.003878309251861485,0.035207097734163216,0.024538419472970894,0.030194634773097993,0.04542128526856424,0.019012593806248767,0.02219982527503571,0.024332985694048435,0.03086430588626719,0.022016008469503256,0.01960052916405511,0.014547845122397342,0.01994375825372927
0.021408611092789215,0.03464911551588945,0.003654378162374613,0.02627537524854176,0.024456482676895378,0.029570231075823985,0.03433986134763225,0.018252730398274308,0.022112459357784494,0.023133015989323633,0.0313852214961602,0.021552532903591378,0.017192175554532018,0.014005470237441215,0.01735071115697224
0.020609237976278373,0.033783309518962065,0.003441417956950476,0.03199886142755652,0.02199844379203294,0.029736699897038744,0.0319715358331724,0.015737833978756492,0.01952937498282997,0.021934972930770184,0.029139371718991426,0.01933253721931175,0.01598437763769894,0.013569435265381503,0.016202905968391995
0.019534132562458104,0.03200902292201397,0.0036361139637771534,0.025053284341583604,0.021631129149791574,0.02876376819255975,0.0249599217327937,0.015330599254313276,0.019217384522190212,0.020072460644675133,0.027351474306866606,0.018679063373870677,0.014696291962685636,0.013826662993539825,0.014880578086732607
0.018652993765235857,0.030971399926318127,0.0035296909872879756,0.029225362587389548,0.019532414886795323,0.028995903450669883,0.023148867724281767,0.013822097651195953,0.017207702635648057,0.018932033697519314,0.02661214615323518,0.017013082665343394,0.014094941178359443,0.013930108061859004,0.014240265390093461
0.01920269374200517,0.03064492897040373,0.0035109045896558615,0.023970651848396782,0.019787261974890606,0.02794352742576212,0.02091136300776689,0.01456775740082336,0.017574523033436148,0.01739232578548312,0.02665139000445639,0.017028641902729486,0.01435404440059587,0.013747471909638044,0.0145221852773232
0.01848854190773123,0.02889097140168931,0.003448711930547505,0.026701635535828157,0.017887754991134704,0.02860225797596905,0.018083200688591195,0.012833371382120803,0.015404709038685196,0.016861977411522264,0.026920136795736616,0.0154688559712454,0.01279482763644922,0.013307988372708392,0.012903091211225402
0.018017454958476658,0.029264398013279392,0.003438272355886673,0.02377661853090625,0.01887624047535954,0.027376104678944052,0.017192196432574792,0.014438301221562174,0.01684528768400073,0.018006778942201894,0.02888830586729819,0.016764220745094503,0.014833332474239258,0.01309703714590429,0.015035523248943963
0.017608218966413174,0.028262532745031512,0.003208992507428865,0.025370385276805907,0.018759683091714222,0.027170497274503633,0.01967597285476481,0.015164848746444687,0.01632608604796522,0.017606988516934933,0.02899963901868932,0.016300586809675405,0.015428456483326533,0.012670427373798589,0.015534965221000167
0.016660995183508474,0.027249743055171593,0.0031939911543883526,0.022302458057876028,0.018313803486217094,0.026462669459187394,0.022936939151627703,0.014593924638008078,0.015608779989568904,0.016465331809758073,0.026798524484199154,0.015579493428096683,0.014562640387341114,0.01248013673175762,0.014644166276712558
0.016060126618022027,0.02734472357207581,0.0029548892799949496,0.023412937839406397,0.016786548522162256,0.02602985456751547,0.018060999684608288,0.013293554902764411,0.014493859035114624,0.016209505601523563,0.03190687021022619,0.014544691773081623,0.013182207682885212,0.011949631463388124,0.013254453757517397
0.017062032676258422,0.03017706651689635,0.002915952238331693,0.021028673145245126,0.01703738397126346,0.025541735299010205,0.0222368855302357,0.016249274241572978,0.015690911120851865,0.015375424314425703,0.03400483929719363,0.014830739096514915,0.017481025334737558,0.013168295315721962,0.017642197697979464
0.0160606076785448,0.027364795346799576,0.0027214668104573393,0.02164096926447654,0.016088429446569477,0.025104718987858477,0.017870859875564537,0.01607680154781289,0.015086238732220113,0.01487145004647682,0.029837096235360672,0.014100585631568923,0.015983641806240633,0.012302131557979759,0.01585747404612141
0.016579044246876003,0.027950278870859924,0.0027650040003195666,0.021407771640310533,0.016662431399288243,0.02523528759406456,0.02640457174397299,0.015277973390505255,0.014864563969792221,0.014726025193615995,0.029217693593541205,0.01441731428265888,0.01604970517331282,0.011952230506585946,0.01590452206525965
0.015819414022974453,0.02657511120968549,0.002564542208460958,0.020110993371180746,0.016768732753837584,0.024434826221744022,0.0440421612024127,0.014962584088953403,0.014930792129493664,0.014751814745116476,0.027818552010344662,0.014595240394656168,0.014668177059611409,0.011491248255646354,0.014547838829796565
0.01519548492486412,0.025648049168351235,0.0024783307390109787,0.019799409283473603,0.015151231244017727,0.02420214739796946,0.02238673049950276,0.012999592124262958,0.013195001438458148,0.01382042466216344,0.02879461372735916,0.013180242032645763,0.013231334131408059,0.011196999593269237,0.013149148530142273
0.014788758768124653,0.025259483152509636,0.0023071962992863054,0.01879783743651097,0.014692584979414437,0.024195208116168453,0.030766937163129743,0.01288935029533519,0.012751423984708143,0.014004946084753478,0.02904677764826838,0.01263258642535185,0.012949284189365503,0.011430606225031502,0.013007398565860554
0.014149112594255808,0.024735456619857953,0.002233447512449706,0.01837349886743153,0.013346121789414054,0.023789790831032435,0.02048546852753638,0.012511242025968553,0.011437027949470458,0.013065978700745369,0.03119486549117122,0.011581301114217553,0.013110146912360994,0.010857085983431854,0.013086341920348682
0.013609244285244489,0.0242472070369985,0.0020805158232352038,0.017565146148003155,0.013018113732108316,0.02452030950002813,0.02400085710342392,0.011823660482625713,0.01111029578120802,0.012785859392191292,0.027995447409043365,0.011103994590886465,0.011782729181589832,0.010549829881760026,0.011751617793041614
0.013143961819999612,0.02476858335044006,0.002243069589787162,0.0174715250449841,0.012578362842183433,0.023612294102752552,0.020435110482100328,0.010539140302325303,0.010161593558524923,0.012555879365305117,0.029561959474151394,0.011229772410639946,0.010820423273203017,0.010349717838522999,0.010820689101528638
0.013252198983887914,0.023282035111340176,0.0020917255294736394,0.016497549033010116,0.01238525077870363,0.02340892367141447,0.01994620709656938,0.010019156114324721,0.010169316258667578,0.012211000639416252,0.030874091708374973,0.010958049095684177,0.009913037588151931,0.010121682992791188,0.009942934061023192
0.012746932790003352,0.024218735255829217,0.002057597374239557,0.01638104585534031,0.011421394198264441,0.02288791289408731,0.026492789086917705,0.00921572435699249,0.00938058766035784,0.012340856185273386,0.026359635933824,0.010064977130077426,0.009600685295591094,0.009782351004033,0.00963168770088221
0.012462912622118374,0.025547707171468533,0.002097019398817389,0.01559463692928431,0.011405558483814148,0.02260358113652285,0.01721275775311348,0.00999565214451119,0.009402875253791331,0.011835160241287468,0.02691422953711155,0.009920186882794054,0.0102652141171645,0.010193443844713303,0.010278309035060123
0.012602541885656252,0.023630198746923528,0.002207150725421308,0.016698085630488194,0.010799981867955371,0.022303936855209663,0.021311332185330167,0.009379756602903473,0.009335600288312117,0.012778508246140765,0.02420730540418142,0.009456495716137216,0.009343989206008547,0.010522345228449274,0.009314511028449123
0.015318099465043982,0.02453278068403661,0.0020553877361236977,0.016093937889500354,0.01251075391870175,0.021964374072511485,0.020166927305466473,0.013078632889045731,0.011979427889968676,0.014586426781301615,0.02452719183763368,0.011405856595978127,0.013735976231965572,0.010182937231531882,0.013774895446975521
0.014161962467653917,0.02283998927526265,0.0020210212091765394,0.015760743304519133,0.012315419226788688,0.021498390718485277,0.02162029595180441,0.013354424590542353,0.011913802396386428,0.013641189118861675,0.02371063144428167,0.011133203044110564,0.01291083564911655,0.009871187180312458,0.012818341241879822
0.017248928084416228,0.022495835916481265,0.001898290583259152,0.015192495925369299,0.011496929134046572,0.021122253882943247,0.018586743951441265,0.011890132403367693,0.010663225378916539,0.01344482297318436,0.024651569203763414,0.010508297033909701,0.012256829103631588,0.010052091977620302,0.012167105370192912
0.017783088620484125,0.021487557274404115,0.0023659966615508336,0.015108539928912876,0.011965979880883795,0.02088306260720173,0.027457436887400793,0.011375887146532076,0.01077430096127819,0.018381220650663544,0.02595438878442835,0.010743668364399534,0.011391883565853224,0.010463191171285621,0.01139754976006448
0.02436112765923651,0.03154081616296988,0.0022566954719197797,0.02140459343148192,0.022741460744815967,0.023422356351036087,0.022953172104607865,0.026033442944982152,0.021753564182212175,0.02684222562663893,0.032369214325913366,0.02101825069077829,0.028416707330045372,0.011272261828807724,0.028598704573737668
0.021611928956168643,0.026925517610635784,0.002232071997769821,0.015429014256110554,0.02420666413633748,0.021419700985951553,0.04309808548914181,0.02617205707711827,0.023466917359557457,0.02327171918121313,0.03739814109872971,0.02146668523631174,0.024565496174892804,0.010930016862943514,0.02426711564606455
0.021032466655110497,0.027501755678648057,0.0021673528022516926,0.01934105472920034,0.020293186887920776,0.02219147500810036,0.024133839573911877,0.021606851676221242,0.018949464983205676,0.02266740777689945,0.028998885174504913,0.018370731403335342,0.022617441084851114,0.010510250984538984,0.0225194913659888
0.02140707669992954,0.0265158234058821,0.002156629059419668,0.01630289208328294,0.022092809185683588,0.04046162661739479,0.030883693239617652,0.02245361949741953,0.021092550033126184,0.021618152460838872,0.03308272492738898,0.019434995617052305,0.021657614405158593,0.011070096736027036,0.02164016969186052
0.019830259521240255,0.025492747031895524,0.0020052820956141726,0.01777216885848947,0.018731726018650422,0.0311019418080679,0.021194842982199754,0.01886038923014426,0.017540805811744956,0.020437516689833398,0.02667254063004509,0.016691833234561002,0.01940872428966403,0.010499986443790877,0.019399421070487075
0.018776105646328776,0.024975076371868247,0.001985166609408703,0.016317237643850638,0.01899339891162132,0.035424176662682265,0.021620235020702375,0.018192522531291055,0.017822906593567323,0.01879230692378122,0.029031379986543402,0.016498010034462683,0.01743148198103792,0.010603991686613093,0.01746156798194536
0.01788245798861752,0.027659184144077434,0.001853317357751407,0.016737191905643368,0.016293611421123726,0.03204886785148449,0.01722399298747964,0.015474190289895695,0.01498815035982203,0.017959422805424105,0.024131657904255453,0.014250164765598983,0.01591932974756307,0.010102288548268883,0.015990685061234675
0.018938890607171133,0.02736628656004643,0.0018178978114452742,0.016612072193778287,0.017298319291547532,0.03285268365937722,0.01866866847869967,0.015129638114398603,0.015882031630081814,0.019195181465821557,0.026486427076217324,0.014601258823346796,0.01449908871367101,0.009772624993727974,0.014593274909670679
0.0188009728226429,0.026040506962451665,0.0017191968408619349,0.016031174668042544,0.015397318821298314,0.03140082548195577,0.015328930541540086,0.012924046933306581,0.01394318418049349,0.017591603544766812,0.02509591513187209,0.013160067337152642,0.01315525048155804,0.009628771614293036,0.013250789732161136
0.018870916276973872,0.02560358180461189,0.0016807983139050583,0.01751725081262826,0.016845044569586645,0.03138927175328915,0.020068341091704568,0.01604850309918343,0.01652602425544902,0.018567110447100414,0.025503370643693138,0.015003159011109863,0.016701255947874034,0.009742488671713687,0.01685869139892656
0.018084099630246275,0.024379762415984486,0.0016234629757492626,0.015445421454971133,0.01600249945004591,0.03151464413477273,0.028481440078943945,0.015187164503995074,0.015897589469401716,0.017198063186334323,0.026563822545678864,0.014261960850232902,0.015198412663732572,0.009328807791486541,0.015182623662298835
0.020578818100040426,0.023619072053369373,0.001697386729880874,0.025867361420232646,0.0170208941786686,0.030417743101205832,0.030093709933603875,0.017294556117775948,0.01733130762541739,0.018357568903205886,0.027748013518225857,0.015925958951304216,0.017570937220549344,0.009535318886473555,0.017562879762697926
0.02014476279751525,0.02274793136381524,0.0016121512433153178,0.018337137605657684,0.01677811664716662,0.03002559712520344,0.06520466228955804,0.017345336096650062,0.017414554731077333,0.016751653753664407,0.029447824216212403,0.015717146181493367,0.01654464695915345,0.009122879766046057,0.016435402345683577
0.019030229567063378,0.02263457042731305,0.0016148054831953737,0.02360846980484821,0.01645862211346177,0.029321088167744588,0.03098907663051688,0.016300122468391954,0.01655684769930926,0.018587743989515695,0.025970365216563124,0.015520410172147534,0.01574521516001611,0.008947477043884612,0.015764505057679647
0.017995932356079807,0.02179717256502032,0.001529524424167285,0.0187534557174302,0.016132703071592893,0.028797937637380762,0.047439175206799244,0.015423510807763037,0.016858027055889475,0.01646643911678594,0.02864595962118026,0.01550992041949661,0.014334119356267468,0.008635331340708399,0.01432152527483541
0.017030512309846445,0.021170624862456723,0.0015963379643666093,0.02228801283819767,0.01438471038477369,0.028159283751566608,0.04002870690151907,0.0135474890529228,0.01480338912315221,0.016358153827951482,0.023611819683919618,0.013987168262928657,0.013078019883555439,0.008363660537839698,0.013065381076337803
0.01837916267690689,0.02060102992043514,0.0015151999258297215,0.019238801433611757,0.015387126769438183,0.02790200969911118,0.035105632238670276,0.014243213598881558,0.016423653089213702,0.016519175728834167,0.02600423690972625,0.01577434373409828,0.013397332661867632,0.00818204828777654,0.013440199513301334
0.017024866650256022,0.020868510994383676,0.0015880576750564738,0.02051437961346952,0.014628363835193219,0.027154221167551264,0.03402725314593273,0.013515278225980771,0.015721378593325633,0.016379339535892788,0.02373304944225006,0.015046567309855546,0.012926621921784042,0.008869283472141972,0.012945995373190237
0.017947880756946012,0.020734423989675007,0.0015154945964019045,0.01837486363253876,0.01488261382903865,0.026875836879105254,0.024974803597985266,0.01265613289341776,0.01515106271620221,0.016964437214635367,0.02512101478345755,0.014449143068605381,0.01199613463763612,0.008429287596049034,0.011989908792613682
0.016656483896824517,0.019856014681225116,0.0017668969528956615,0.019137341245968803,0.014270211532500408,0.0264955656900278,0.02472680609521325,0.011550218383351067,0.014306161929105825,0.0158467919826371,0.026842742174018778,0.013886349052248914,0.011223550564611497,0.00937504512150424,0.011169993834061826
0.015935574794934116,0.01947643400012239,0.0016940953316201,0.017860316969677853,0.013199308066601103,0.02630084477848976,0.019066226618297166,0.01123255971189441,0.01310426150542874,0.015081830518231398,0.02551147865211269,0.01286900568996054,0.010943105013289317,0.008884993491011139,0.010892381306729022
0.015301801759534361,0.020826580148884503,0.0016786557239750984,0.01891067563863896,0.015049358939048612,0.02567020245620823,0.01974473182307393,0.011067627797335382,0.014488215830003228,0.018783644126969472,0.027346507807367804,0.01441260888051773,0.01073251333809146,0.008685410145758351,0.010764100883828271
0.01551168447248909,0.01963350018529619,0.0016243878365089742,0.016981788731861614,0.015062823004729688,0.02531765442340461,0.023899445147588946,0.01121865102023871,0.014356227796487476,0.016716153740304343,0.031448687741730444,0.013908961826240643,0.011031930821156026,0.008388642861875989,0.011145274390976869
0.014754550664121496,0.01931333216402252,0.001595065699247136,0.017518327977034356,0.013504108431104743,0.02479952211948599,0.01655336029054282,0.010658398240588814,0.01297385567711621,0.016365873117849143,0.027858348894137786,0.012585165782630936,0.010551268265226439,0.008236415135564206,0.010570344696423834
0.014976174985137454,0.01884583335752201,0.0015269756185129916,0.016080335950604454,0.01361757553877026,0.024329966899302943,0.017873840810759257,0.009872205896739589,0.012797784284322669,0.016795140290082358,0.02847066832029673,0.012306692555612706,0.009740946939474835,0.00806563413141518,0.009739276703350045
0.014215458507722809,0.018254691278912657,0.001533794722400359,0.016301535955146128,0.012509697415198083,0.023860237479017835,0.014711101787362036,0.009113981131776343,0.011721209816863443,0.015945302320624914,0.025387670426367148,0.01129598481250649,0.00892911723798958,0.007818623672246975,0.008928323104770009
0.015291833818405843,0.01822814401775539,0.001495955746242411,0.01847505365996165,0.014944799705748756,0.023418419043444244,0.015665005544815386,0.00928561944577267,0.013893748308292528,0.021518721187127582,0.02628490719438759,0.014352074075146857,0.008771161669824357,0.007616334199915301,0.008827186268650184
0.015280346432714611,0.017837373598237265,0.0014749939600795338,0.015817264826209043,0.015284332523123867,0.023114706633102236,0.01721979399884225,0.0087652019061825,0.014041223244255534,0.01945912560176779,0.026555352607640224,0.014599099918573695,0.008012932120719506,0.007387328618779963,0.008042112925404927
0.014509602336653112,0.01732906334935577,0.001484355836407011,0.01709511488573678,0.01389408958819631,0.022600056477783976,0.017997522440424383,0.008013632437640967,0.012393095897749222,0.019516031869934548,0.025529619028581894,0.013074493201785583,0.00770444592442049,0.007230451908105501,0.007747479156612628
0.021896503210039112,0.01758075651597166,0.0014703510574094233,0.01892485091433831,0.016589276864429417,0.02278982188484695,0.018154328610656564,0.009799339836695673,0.015070640670276645,0.024455015510213892,0.025895869376764073,0.01592280262927093,0.009080071466783758,0.007773551987523636,0.00913773167107162
0.0192254907511497,0.017458652656214754,0.0014270666262086382,0.016489650073841112,0.016768410135630355,0.02224052497490291,0.02679896978918114,0.009631058577685743,0.014592382657484781,0.02178843855764215,0.027480551710530335,0.015647251917363224,0.00876034288331297,0.007363082736825224,0.008766346141740962
0.02010321680844067,0.018208986652996532,0.0014241343113916482,0.018030233366578715,0.01604240561366429,0.021904277017458937,0.01744065797260086,0.009064065383968761,0.013819557707233565,0.021192422875064766,0.024124854896404018,0.015340552669211527,0.008503565992099312,0.007279331732882076,0.008518656552778052
0.019555220360023766,0.018276553520157557,0.0013830194009870006,0.016982602335032845,0.016232640025454707,0.021631022223688207,0.021385044789437632,0.00902431814115237,0.014226436226670004,0.019266565699771893,0.02665815554431494,0.015522726543651595,0.008402975928941158,0.007319791380230715,0.008392818508844876
0.019356058738012615,0.01754857959254445,0.0014540821700676975,0.017339538549928955,0.01554788356424835,0.021202883577425325,0.018884997073245674,0.009367450340419732,0.013556335282008565,0.018664427117568126,0.02528338408940827,0.014569336445982552,0.009157697206172708,0.007071671945164697,0.009115590853780425
0.018454039052594604,0.017425280523102427,0.0014023319021708783,0.01633707189429462,0.015164103714963397,0.02485084958904483,0.019262092786581107,0.009064516296054714,0.013095686343700208,0.01685682307949554,0.025831765063999663,0.013905018013381098,0.008487924026602303,0.0071462167137677935,0.008430529325401824
0.03859742884619465,0.017392950719770265,0.0014521024446400627,0.020218643001645414,0.01556961088305002,0.022660092111428335,0.027103626134827558,0.008617424575555678,0.01283812244925122,0.016267124403872735,0.023613722151960358,0.013924161189951219,0.008400007462272641,0.006888666587366519,0.00844977904278618
0.033507079880179334,0.017270278445197896,0.0013982235818857216,0.01601776891828286,0.016925112933739595,0.023476254514494074,0.057581820233722734,0.008701380499760849,0.01325400639220806,0.025193722173857177,0.025289082662273876,0.014155791059239298,0.00811728626513807,0.006880594473013177,0.008050750634083137
0.032046735942389076,0.018023882270378738,0.0015609632920699419,0.01857393634451268,0.015547730143208292,0.022508717463207765,0.02447192138160701,0.007986266303861204,0.011751808024268052,0.022306263792807413,0.026782111706769363,0.012863084959217447,0.00757207333481853,0.007198074732831358,0.00755686576938977
0.029523533177901053,0.017041052965069033,0.0015607305531861282,0.015513219369567057,0.014691702635385146,0.022384572961693633,0.0370436443903676,0.007810340845331038,0.011545739323546345,0.021781079932461186,0.024188317783969873,0.012226521212133652,0.0073922147484657315,0.007330796413381385,0.007385449967871746
0.029890163038416205,0.016839275958846524,0.0016166805797548664,0.018014584383405606,0.014300890941612994,0.021933237900713186,0.026574103802498444,0.007651389608594754,0.011261036868666956,0.019786703230520203,0.024101675124290275,0.011952849106340334,0.007284831342024147,0.007223936860825779,0.007284827452525753
0.028661332289769616,0.016761252913081167,0.001592678131935848,0.015145689388766847,0.014747707795289547,0.021527936234617562,0.050835260348635315,0.007210133470970322,0.011683126360115526,0.02042153966595329,0.022859497070707748,0.012375004180104428,0.006737197488215849,0.007260518932587956,0.006729648407795522
0.02697497334764562,0.0162445010859,0.0016190408050331196,0.01659838259534014,0.01383563475376854,0.021114451606782735,0.024710796039639164,0.006642864367996172,0.01067257137641703,0.019707101111024236,0.023450457046766827,0.011563541802223767,0.006382223614929317,0.007119019561707906,0.006398555250130933
0.027477461778528823,0.01639248835990097,0.002013984772210278,0.015161564849197132,0.014756786828985598,0.021108101438047654,0.036603992302842246,0.007512426685014515,0.01175343757596763,0.020885753321786372,0.023572559870188067,0.013066317803199327,0.007223728778234961,0.007722361313982076,0.007206815476093964
0.027454121253781848,0.018282644710982062,0.002112654155074052,0.016611205734481205,0.016013121948365284,0.020679103690149865,0.027779451194904263,0.009418371767480978,0.013216542759591707,0.02115362524573769,0.02949855476763114,0.015127845462993617,0.008724383756338272,0.0077632724830842435,0.008646763140740504
0.025908257094204176,0.017491356251462902,0.00235795398895562,0.01470299079506236,0.015036466000916016,0.020457432039183186,0.02700770695845485,0.009002380424044039,0.012795490408462729,0.019627963920750443,0.030885672377743933,0.014313121417556286,0.007932406857461783,0.008082828830359656,0.007810469365695332
0.02418268996565684,0.017272339396152595,0.0022269283856860226,0.015769937198301002,0.013968318627557812,0.020008757830269553,0.02076509779790979,0.008008328858090068,0.011452228850934252,0.018108060424796804,0.025970937429657632,0.01299344800054666,0.00737443479503368,0.007781622897525688,0.007292339699821677
0.02267626420487308,0.01684746960870417,0.002191466432532305,0.014336054411718145,0.013275751224362229,0.019782828195676547,0.01961227441355259,0.007731134361310921,0.011498440409205233,0.017032434217476567,0.031951515558555556,0.012882954179606936,0.006911055469466198,0.007596297746295039,0.006847731737933378
0.02138025301167167,0.01657097045404871,0.0020865078360093156,0.017178067647652243,0.01251105087001506,0.019469559174363188,0.016581918337415676,0.007105714033059136,0.01087768255088894,0.015930216842112474,0.035721158831102356,0.012271069733454779,0.006473249258689948,0.007643364482319332,0.006419889187351758
0.020059136545342495,0.01612327274181955,0.002120187154210556,0.014342780383605966,0.011866260275010795,0.01915789384747193,0.016068547133404488,0.00706772346521011,0.010586867320757209,0.015262283444962938,0.028060326922300597,0.0119153530865764,0.006473305197212795,0.0075719721706014875,0.006452768741744885
0.020215491213395675,0.015815681740555167,0.002053225651541435,0.017265215393455022,0.012000308480784094,0.01887876221734307,0.015911777917000224,0.006682466327909387,0.010419967493995824,0.016519829094957684,0.0306328444385864,0.011935851405377475,0.006122675309433724,0.007759199257583893,0.006096894480089725
0.025404841392107302,0.015480707051252696,0.00210991812559405,0.014076777562689881,0.012044543496008404,0.018855796504348054,0.02209849459335298,0.00653890498190513,0.010310123675718909,0.015434504656842468,0.027384010429568707,0.011582101885245204,0.005905128206169429,0.007624942492333272,0.005891138488597558
0.022885780445651545,0.015572421290744477,0.0020165912333133945,0.015997036604926428,0.011352782895172093,0.01835102088539829,0.016295285002668768,0.006910930886227617,0.00958458113164787,0.014800803306317036,0.03188463963708317,0.010778252753604367,0.006899703465489229,0.007392441209863844,0.006912556666373542
0.022019781489298215,0.015184753213983201,0.002085597838055811,0.014348683408684884,0.011119870140140322,0.018126894933092507,0.022394021745116552,0.006818244220266361,0.00959462303364977,0.014475387303055066,0.024478034580145015,0.010573950771987346,0.006429771196105283,0.007518735785821804,0.00639917122172129
0.020942105416174587,0.015229603708105747,0.0019551376744475456,0.016950767330874462,0.013281164796577292,0.017787498663542952,0.03564879659635,0.007675888817074023,0.011839355665546905,0.015739282087350755,0.0274550565293577,0.012125825547532458,0.007264174000860804,0.007303542168101826,0.007315477412189653
0.020211468715954927,0.014847450674098206,0.0023365948079630402,0.014509430350242627,0.013547835355348776,0.017515441543594672,0.059405402001977435,0.007522229253473773,0.012157051243452179,0.016827682836929026,0.023009584438037637,0.011991263231604663,0.006662542518981868,0.008650919266035288,0.006653875993420899
0.018956216434557038,0.015472044425143678,0.0021366923613455667,0.01582571810405126,0.012085550385826614,0.01744884153380758,0.03775047045731847,0.007046028660186623,0.010479284391179462,0.01594332187786053,0.027376575727522025,0.01075548635807068,0.006730069452305325,0.008011646130949927,0.006753454560909614
0.02112546590525861,0.014912282063698554,0.0023436490917664427,0.01421539948739342,0.012225198584722213,0.017087616712018118,0.03824543290576877,0.006935339157239842,0.010737543585927455,0.016230829856254146,0.027292600498704106,0.010832741470060345,0.0065542004411713066,0.008084422511090946,0.0065459310557046905
0.02332453165446299,0.018489012102577966,0.002320955195687723,0.015676967328339633,0.012906190225596961,0.01696697713222423,0.026596846278819652,0.006991110145688522,0.010437309465497917,0.01512352706522051,0.02652718360476554,0.011316912772442627,0.007179822040648745,0.008419444244814915,0.007171181039752041
0.02265390827985542,0.021257344913848203,0.002370301076057631,0.018750004210662762,0.013700433220998485,0.016929731088178235,0.027128112804869757,0.008373267701084958,0.011227615412774316,0.01599421759468993,0.029225080622728022,0.011573402982335303,0.008858878697742429,0.008460652528529414,0.008890332291128141
0.0365599845162908,0.028747855999138996,0.002177898388587342,0.024280621097768074,0.02389174490695207,0.01655746742278413,0.027947996873500597,0.01721064600238307,0.02057341678202032,0.02871679900537357,0.0398136599545846,0.021529022076383356,0.01766253681274107,0.008154340468982332,0.017835378919482617
0.03134781537195466,0.02616484235431829,0.003038916040859002,0.021335462614342878,0.02632146857562855,0.01656782230230356,0.03494552565156998,0.017356237546035977,0.02283935703362032,0.024680169881773933,0.05173580084247767,0.02261336211134651,0.015653386547569946,0.009648361034628832,0.01552946849581644
0.03904828818858644,0.028381213297686184,0.002739410729315104,0.025896325387589063,0.026811428744555846,0.016394829657225843,0.03204164598909718,0.019061592314031352,0.023724541278181768,0.03258313169093797,0.039947933596804215,0.026052224687460115,0.01898595181703999,0.009079101084834836,0.019083737108172093
0.03676489151726118,0.02716638754419282,0.0027406223731179726,0.021078468894211833,0.0300068519334684,0.016553888957030197,0.038581211178131646,0.020504723549093443,0.027305294497147043,0.030892698140224568,0.05219201353801097,0.028392109198661645,0.018483376124884366,0.008867479636140643,0.018436953070404806
0.03631597931157754,0.026263160461415688,0.0024527017496281693,0.02394835401736915,0.02596441874433243,0.01865771013244394,0.025180686168346046,0.018969937023862328,0.024111040982568683,0.03164487384562706,0.04372157635234974,0.02534673662157025,0.018393654128763797,0.008674538004553391,0.018415383521182726
0.03365217342020348,0.02519079985947291,0.0024624055944817936,0.020169961662421455,0.026758534216351722,0.017275947446444454,0.029951448334588352,0.0181413569153275,0.02445849413446428,0.02730695271986908,0.04472817552244237,0.02524507734190925,0.016341927594733664,0.008389160262096424,0.016319156466596794
0.03284317044987902,0.02427452586522015,0.002215950111715971,0.02183335643232438,0.02294732196232068,0.017617573579938463,0.019918574635401472,0.016173619569836085,0.02111717211279565,0.02646184932764874,0.03921018648310224,0.022287770017843468,0.01568764159399512,0.00812289088160201,0.015700428609461498
0.030201457963091406,0.023618011090747123,0.0022126699494794985,0.019877209387767318,0.023808989129794927,0.017034395234103113,0.022050889598139743,0.01575753773350658,0.021856304867567764,0.02362342726039798,0.043145652627017965,0.022548632792282766,0.014126584401582614,0.00790208457032878,0.01412996566732006
0.030299157030940743,0.022616340190765617,0.002008963158527703,0.020846623476508844,0.021052917314004094,0.016947813497433895,0.02482475122916559,0.013670079575117627,0.01925959798138017,0.023795091970126827,0.03451190227831741,0.02034313382157536,0.012934983394148065,0.007703454896179648,0.01297261723539107
0.028431427784699922,0.021893331336058624,0.002001089924102336,0.019683830108340288,0.021884156462220444,0.016693170601848443,0.030945894424759784,0.013755931917741288,0.02008790961090894,0.021255279626028783,0.039520644959713816,0.020911165689900667,0.012423256494286525,0.007516738103310395,0.0124660943177251
0.02902397093840005,0.021955532384019497,0.0018844635035867514,0.021262344607236555,0.019643366396203787,0.016577803994924298,0.030905716019419268,0.012819732259937077,0.018213400893485318,0.021070047303463336,0.030271398428546363,0.018945370529616933,0.012440333417279271,0.007344542725444116,0.012509814936154636
0.028345859415620595,0.021391555577450164,0.001869186063521634,0.019365466334997875,0.020182416133393142,0.016967965931348195,0.023848647193907942,0.012745593787874081,0.01808573878406996,0.018950015853364005,0.03515091284279217,0.018410722965876244,0.012346049063669174,0.007273779915957305,0.012341157548540038
0.02667191236152414,0.022291506531866914,0.0017329139314294242,0.020751430664705327,0.018060112000483637,0.016501309644427385,0.026183826236274573,0.011751223525116148,0.016464721626305967,0.020152844610678133,0.028286777250745875,0.017220303225262055,0.011803949242524689,0.007041151144183101,0.01178986433030272
0.02933565696835124,0.022998799509481645,0.0019197303261335242,0.022281993908291706,0.020933178445711232,0.016344097656280792,0.02677092644612344,0.01506318952164637,0.019859982073771366,0.022082337207630844,0.03232923287890307,0.020374144607689267,0.015094065178518967,0.006870562162758428,0.015133920032117838
0.02664454518037565,0.021526448324415873,0.0017618672224813136,0.019752507346968644,0.019262994941468433,0.016134791191100385,0.025532876589684,0.014105365343012962,0.018456759466167514,0.020624650569430362,0.03206855673161925,0.018872715375441492,0.013226066893592766,0.006777522799071543,0.013132772484090909
0.028003184786448344,0.0213326308201313,0.0017570442951047845,0.020724067434586626,0.019804170346591394,0.01598127401189264,0.02069489457943888,0.013940968155612148,0.01849062927014363,0.020756324163455426,0.030447039269645922,0.018966389457841668,0.013772453960194511,0.006583847757778315,0.013747678937399865
0.026622144783148522,0.022311275556837477,0.0016514764367976684,0.01908729434340074,0.01965635667287039,0.01611784502168004,0.023907889100641806,0.014504064469524378,0.01865824916439399,0.018935246705775417,0.0323265419542219,0.01923050724597369,0.0140195387823154,0.006481029523754951,0.014009277644517265
0.02501502445461683,0.02105059488728933,0.0016513696590586644,0.019165850888297503,0.01813718060130105,0.015990825335459705,0.01842037361544617,0.012986166653605276,0.016893000827733193,0.018420544288728854,0.02695899087105627,0.017731342825382482,0.012826022682235377,0.006321430645042343,0.012814558146352295
0.023825750516965432,0.020532509792046107,0.0016643025457107586,0.01786645067827002,0.017121384194375533,0.015880028557898072,0.022295127770570664,0.012330425983970453,0.01595638057729649,0.017512802657939225,0.028683263036491474,0.016558046983709156,0.011962586706889256,0.006774252785357708,0.01198833683954176
0.022347464028913522,0.02005292577191831,0.0016550079405376365,0.018461490596158803,0.01637964070732215,0.01681666129002123,0.01646710413936342,0.01133866162571764,0.015203733164628358,0.01682751601421692,0.02564406542026414,0.01609917997632421,0.011066582402470533,0.0064761359423550525,0.011085468325845019
0.024174183136181308,0.022357919327032894,0.0015972705247577176,0.018686730235766388,0.017734125540545893,0.015945517331188517,0.022242801399022197,0.011808655226920303,0.016664629819089144,0.019534120724410617,0.028279577968579807,0.018420496231466205,0.011029443737406622,0.006444882437158739,0.011033077158083916
0.024215928991840382,0.02186883575100763,0.0020956747471569796,0.01840958756307639,0.018411971323509524,0.0161579877709093,0.024006436749165118,0.01267881225744919,0.017217371094757388,0.0188715568462824,0.03243753458066914,0.01894039049582256,0.012341413315577643,0.008459926560294742,0.01229527461944911
0.024844042603560615,0.021101509226765437,0.0019605208730831946,0.019206875742403793,0.017778802146821232,0.016255853938096424,0.022460013457736468,0.013367181606494116,0.017499238052554652,0.019732367224975712,0.03055358711370908,0.01857743015967905,0.012837016180662788,0.007856662047638144,0.012723258768405677
0.023448569549684127,0.020476811993065266,0.002011670913401416,0.017428578111735114,0.017645024991563018,0.017530248194204373,0.024546841749384554,0.013691341085606505,0.0175622286813872,0.01889862921220546,0.028098542565852324,0.018443394526696775,0.013543216933252184,0.007987878261475035,0.013405209909552095
0.02197498470380622,0.020485116537347317,0.0019325586317353476,0.018586065864557022,0.016608015257924123,0.017789654273048308,0.018758827465762927,0.012951730766764978,0.016257316283784132,0.017801108583507877,0.02737804656664626,0.01691696726476323,0.01255247634336767,0.0078087215209922045,0.012400749353310758
0.02134765666740325,0.01967683584320311,0.0018943443502737211,0.017604354635042455,0.016026538355072964,0.017870671190219768,0.023625865676222522,0.012145400669131954,0.015919659859156856,0.01861593566003921,0.025639132596349735,0.016518167427452893,0.011882705403090794,0.007558664547888411,0.011773241237135463
0.02901287101409186,0.019634522450188693,0.0018320630474904552,0.021116675738438652,0.017723784309003655,0.017799066144815193,0.019809004225616343,0.013038246390431073,0.017166689017234144,0.019357714486204963,0.026133604854388367,0.018540932396344592,0.012596142770790537,0.00739986117073466,0.01254792870906698
0.027319975466456883,0.018818950459696174,0.001799271168866332,0.01700265609875089,0.017110171142001848,0.01880323564809443,0.034270982129577285,0.012254856533972083,0.016359543558942563,0.01780391351246818,0.026707781806333975,0.017770959460532178,0.011688694488620704,0.0074628181084646205,0.011589123945661426
0.025596449027414397,0.018405252074562905,0.0017028764204081756,0.01922971945851655,0.015532017606366782,0.017990870445624772,0.018160912596866637,0.01141394983958239,0.014892568610157642,0.01722328394190323,0.024014836524660674,0.016095631455777713,0.011055188678129522,0.0072117874777942095,0.010992554397603757
0.02395112853884488,0.0178322077815089,0.0016803672250867926,0.01643551666428551,0.015145034989717096,0.018199721041568098,0.026413633478162266,0.010660596678698453,0.014471355550790568,0.016021998068585883,0.025059046383247945,0.015748468171758158,0.010037718360090795,0.007039737927911116,0.00997799725802087
0.023069368036843035,0.017437309135543276,0.0016261300161547903,0.017829711813260908,0.01377943430269926,0.017652960829558764,0.021028253031448348,0.009613590421278535,0.013163877641941785,0.015226696630810617,0.023340767876710963,0.014232659851751704,0.009183889016788007,0.006891432374779231,0.009157289231153177
0.02353351066184599,0.017208684444148685,0.0016281066277624354,0.01805978204450127,0.014339391221061825,0.01841327854046599,0.020078357798574177,0.010951744998909078,0.013960887856740815,0.017362675990666467,0.024990012883623174,0.015026481629667975,0.011014479091346794,0.006790306273357683,0.011011196897933855
0.022051281110773667,0.01668251812966963,0.0016837353579814316,0.017367863189105652,0.013423326274543299,0.01754353172001831,0.021734961448118612,0.010323530807075803,0.013258982496243967,0.01569013593396892,0.024834323724431732,0.013840552216252458,0.00986198796536679,0.007150270488631209,0.009780298341295826
0.020871409691310575,0.017029140671023534,0.0016810568158736633,0.018470858828699782,0.012633256143429458,0.01802875302037678,0.0256545143512022,0.009282353332604248,0.012015389024053809,0.015198499766783438,0.023429795220043525,0.012902116196299768,0.009138092273179587,0.006898765445342371,0.009098961319724149
0.019966833988722746,0.016307931366770934,0.0017409065664147952,0.01701027189670412,0.011947927992975426,0.017292904034364086,0.033498086622910934,0.008912283939484731,0.01141418118189878,0.013953977434907125,0.023866509587478716,0.011947369368246816,0.008585448212181879,0.007376115466979014,0.008558272389023151
0.018931135431779343,0.01609704343198573,0.0017079535627054466,0.017972274860483348,0.011258575122501177,0.017266684593059765,0.02116047081854799,0.00803748537181725,0.010478120569316416,0.013722462090492516,0.023309493944355136,0.01118079922644455,0.007950044083564286,0.007225449893282708,0.007930782050611812
0.01785933568192707,0.018186626389227595,0.001716712962578302,0.019546846829481296,0.012875873826168852,0.016894945551957585,0.02929521812631246,0.010778559352689674,0.011930775189761711,0.017134308148942637,0.02523895377039241,0.011889707721861811,0.011293719413184227,0.007501080502019266,0.011315789040002378
0.01741924312579252,0.01708225088473869,0.0018282942016341866,0.017310532085633008,0.012982477389452608,0.024101400935410643,0.026961000810744665,0.010349656111410541,0.01180076805474189,0.01623685745198892,0.027547465723000365,0.011712486077847915,0.010089830909488727,0.007423365865161912,0.009982821792018672
0.02375399593443346,0.02079684264188523,0.001815484333205609,0.027174432825434656,0.018370293645914405,0.019855723518920718,0.030623000604937015,0.017552641884135165,0.018718890048745364,0.025174654712823225,0.029796225677656683,0.0179970294095475,0.01820765692455901,0.007182511808152119,0.018386305077685818
0.024274919036968247,0.019689682523873056,0.001927241507922519,0.02050950790385586,0.02002968521091767,0.021749494989891746,0.04701350847473336,0.01787530402748511,0.020390783027192307,0.02135404543897649,0.03750406068362172,0.019086440126992604,0.016133504972761694,0.00753693902213828,0.01607077983989849
0.03057416002486536,0.020025949980946235,0.001928779698175828,0.027529113743278617,0.018616949579156338,0.02052641885244009,0.045097406909826096,0.01577849988148244,0.018558890391655553,0.02185529713084311,0.03097348579095705,0.018980275880526247,0.015489367747159213,0.0077327710371628226,0.015653692115496026
0.027045555273470932,0.019008581418144453,0.0019040903807514813,0.02013658828286087,0.01926884243902906,0.02068159478452499,0.05620313994636564,0.015817398793875195,0.019338004315155994,0.01860493533743532,0.03618856049186526,0.01895250011211788,0.014533876788187721,0.007707502011196997,0.014702578649297408
0.02613793949582582,0.01868470057330907,0.0018086281068912303,0.024955111981566525,0.01694034083337792,0.020056560951180236,0.03270906192826387,0.01483497254375079,0.01675447874903116,0.019956431265726732,0.02819413392476655,0.017090301946813106,0.014962736328125146,0.007616030583314381,0.015119420049633753
0.027700737140002298,0.020396584604151835,0.002985462769989156,0.02828408034561063,0.022866873950630046,0.035832684442766,0.04365248114997417,0.017423457656309357,0.022705343754601426,0.024414894902124194,0.03654571494831889,0.022873736762418852,0.0162431900824063,0.00961106918510969,0.01640273766171841
0.027803369422746586,0.023410594998445212,0.002665651184146975,0.02369844611180969,0.023770764883331616,0.027741319509344744,0.061590095536385475,0.01736070747884462,0.022844677576312443,0.024735023153872427,0.03503553841111043,0.0231480118183623,0.01649420371302332,0.008786914348159815,0.016600269889963756
0.025611337143411128,0.02105765048957888,0.0027995364097152782,0.02555204677507023,0.02234193997936624,0.03181889010255709,0.03643212560580552,0.01615500895698766,0.021228887913589223,0.022465773798224693,0.032919800341916904,0.021330346606467425,0.01468956193395971,0.0093082694032553,0.014750548643560986
0.02520081630077881,0.021552220773046714,0.0030319922519769023,0.022185173549688745,0.021826066357643458,0.02866997718675688,0.04206829123948542,0.014426038998905677,0.020073293870614958,0.02296453810332817,0.03698615991813012,0.020982863017018044,0.014222498893220348,0.010715583036011698,0.014307170079854895
0.023337896004562216,0.0233943792407236,0.0029877492931098194,0.023778450630977516,0.02242785778478955,0.03023145787480126,0.04524676413403578,0.013573330511490062,0.02003934546972439,0.02457277848192484,0.04557138881692425,0.02085393909181424,0.012759290192301148,0.0100583766686902,0.012811058240617436
0.024094686646697106,0.02410224452530644,0.0027691039792581062,0.020863182174354237,0.022139577004720037,0.028605751039333317,0.0339178769806407,0.012238383626725713,0.019535144115678783,0.024063232346351632,0.044906444471216965,0.020504016809644268,0.011911001140651876,0.009823843919292455,0.011948647334754496
0.022138761139040845,0.02320373176090962,0.0028940219493051593,0.02172125633874597,0.021176708352363297,0.02905824694860638,0.031821206297694,0.01204423517747348,0.018589362654531122,0.022114785060434336,0.04207287692020497,0.01937587310268702,0.011718958093909475,0.010625672268781462,0.011689833236091794
0.020907343895455132,0.02246658588508867,0.0026526666195887815,0.020316672653847845,0.01920274222510786,0.02795106530377951,0.02432035517947039,0.011610779100748099,0.016970140012394726,0.02046330822032516,0.036747313441703656,0.017685805957817127,0.011958123052698008,0.009971165193616844,0.011894981882760945
0.019773771357305323,0.022400214606603887,0.0025766057363924744,0.02002316097981276,0.018478412753228937,0.027855308611262574,0.022831433779442065,0.011552878769127172,0.016082600494799527,0.018867100889115467,0.03531204786603112,0.0168343326682896,0.011850861164840201,0.009711728342816552,0.011727536732581163
0.018882587769983656,0.02128910007445645,0.0024383879411688336,0.01911196355834583,0.016848563092221987,0.02702833811102786,0.01950131869071872,0.010496675388799845,0.014573848754602332,0.018351977053604578,0.03140498344528244,0.015316843422902649,0.01100700744852507,0.009535778044572795,0.01085612924138658
0.018350494810015647,0.020689179776743293,0.00238124955517198,0.019126722119748557,0.016540874027288446,0.02669683210931689,0.020559613628575196,0.010682173027108856,0.014200328494555095,0.017730246289099975,0.030123181515736647,0.014740439093303909,0.011501630600655783,0.009203671341118628,0.01144300694275803
0.017296970899273848,0.020124707556621133,0.0023140977883033933,0.018176271693838137,0.01569937369686136,0.026540882034019986,0.017975891615633222,0.00989361138799717,0.013217013385871437,0.01662428685189122,0.02716460174168269,0.013692252698074977,0.010390799575053846,0.009014857246769183,0.010293362734285745
0.017000441619277093,0.019464656643710523,0.0022356097953258893,0.018415495684562477,0.01522328295883708,0.025979924076763052,0.01683306155506928,0.009541024745776266,0.012845468137222395,0.016080011486607516,0.02759860594126344,0.013193617960743802,0.010082865127914736,0.009047659763340866,0.010014343511356105
0.019500683509080883,0.019047671813195263,0.0021221448126528745,0.017208291032756683,0.01412660405216157,0.025746862554256494,0.017465417017601185,0.0090936186446103,0.011960921222924137,0.015021856682171056,0.027614974922701156,0.012162917723894075,0.009394862479852406,0.008762884583019982,0.009320365456478224
0.018109079146451573,0.01881140942451038,0.0020779719014778937,0.018504073783994168,0.013737648514173206,0.025166284507746172,0.01736573481297144,0.010322617709234603,0.011906870380478189,0.015573878905735835,0.025090125642733285,0.01229685352271715,0.01084992298730928,0.008948049262888074,0.010858283979835024
0.017382530231076727,0.01818664622222784,0.00196533939640602,0.016357888993637076,0.012946108280658836,0.024703407052161185,0.026361653326440103,0.009875381050151916,0.011517274003480814,0.014326849963405353,0.02623462801004661,0.011739483041568445,0.009710784989916945,0.008580756343756171,0.009652192634714618
0.016455833450745243,0.017949106701799115,0.0020305726563944236,0.017606237975553645,0.012430279222081063,0.024536439356895465,0.016241537385143452,0.008662131158512875,0.010516792418271319,0.014004797398802546,0.024277518271974816,0.011226519129490574,0.008959122528207457,0.008773066549624701,0.008945269477181664
0.017077160669692382,0.01805021529072368,0.001948744020904162,0.017036392516352243,0.011937562948062743,0.02408456056225247,0.019785534477362247,0.008436509204786856,0.010107913408652063,0.013280311675149264,0.023827015587268588,0.010676505113696106,0.008522385137199424,0.008377631706773563,0.008525863939170566
0.01888004308054488,0.017408758852649354,0.0022019473507905014,0.018242582414800205,0.011604052406183132,0.023594055205162924,0.017527097606946387,0.008353140996168436,0.01003826907306945,0.013289957495761229,0.022742954150500327,0.010682601183048061,0.008959248654840647,0.00919581797677946,0.008989437651453092
0.017349945635639467,0.01705191863909627,0.002130010150825068,0.01708647490156863,0.01113252038033128,0.02315972074435445,0.028581488998079826,0.008084118125800281,0.010037654403748444,0.012619310361358979,0.022409525824327047,0.010341432832429796,0.008128452227298391,0.008926411836780076,0.00812264659752519
0.016626181156384322,0.01699814553640825,0.0021670459400358745,0.016996074917008913,0.010354565352807306,0.022783520295206396,0.017094802080538173,0.007145567787061665,0.008904308925980617,0.012540615488640024,0.02219083246450904,0.00940605911445352,0.007540545913645557,0.008924295877990861,0.007556210302365787
0.015945869044437525,0.018825806562919132,0.002237741976903529,0.016077125504616367,0.010266100653211438,0.023315079169512067,0.02483225561536023,0.007358756218092465,0.008839184940417456,0.011885546352541916,0.022347783280405816,0.00920053573309766,0.007758192100977084,0.009556452317980963,0.0077814751522204875
0.01562909103044575,0.018650278056884396,0.002178890445846155,0.015984800375651004,0.009762184825934148,0.02241090383170553,0.017382488202628034,0.006708219620267444,0.008001893381066324,0.011687342794254691,0.021547059450490527,0.008636524971792766,0.007221511056220833,0.009366168064292482,0.007206974205587124
0.01488038544647337,0.01800216301867611,0.002055520742746433,0.015260059710147838,0.009378639457526603,0.022398397172142547,0.023409599037232432,0.006426704080145862,0.007856785838184156,0.011513859059187724,0.022215966967422583,0.008460945917905544,0.0067856058211577756,0.00911262200549053,0.006783013497518685
0.016321956384627235,0.018598053646460735,0.002078714911463158,0.016553671346593333,0.01178157763811749,0.02545301868292718,0.017312652057828393,0.007265520424555762,0.010157240094971149,0.013775061112210338,0.02503771420547082,0.011584678031807375,0.007685357349472824,0.008841146947907668,0.007680804141257466
0.015569163252190517,0.01842619308844478,0.002069605831043608,0.014838824388864217,0.012075337291030467,0.02344965068246847,0.02253059682345748,0.007117868373699162,0.010616041428943703,0.012888010898455426,0.026214760267996948,0.011746269876884097,0.007012010345005385,0.0089104403808551,0.006974552525755677
0.015171700454537619,0.018167655958673024,0.002045694395432845,0.01546357072817539,0.010607108831338028,0.023892368701366188,0.01589205022041563,0.006390094483340512,0.00890400426320334,0.013492896402304146,0.022975825145704513,0.01024270632885085,0.006632966973842813,0.008586215577170144,0.006625473848601727
0.014624708262239423,0.018072981840578012,0.001938953139816468,0.015002987628154503,0.010755924577414358,0.023190522293596954,0.01952727885953267,0.006554691052241863,0.009282445079144348,0.01247384598583557,0.024315048533420088,0.01054844044223786,0.006635664123483697,0.0083539944194383,0.006650225459015295
0.02174794352261455,0.017967196575446737,0.0018681741531950107,0.014684425106246412,0.010795737562827526,0.026656219829097324,0.014560614059091665,0.007578452776884919,0.008585709046680337,0.01239888246387213,0.023228515341249666,0.00994427322230958,0.008282629431854182,0.008135390653381787,0.008397548690657886
0.0190943147920793,0.017978872239323464,0.0018213065896948049,0.014271780462688797,0.01124980035390159,0.024805622614409283,0.015966091997275778,0.007419578078054084,0.009092243247213637,0.014451091505117036,0.02278282856741701,0.010073053922452124,0.007454926743255538,0.007908692819611455,0.007480686604459175
0.018544293438860843,0.01727356711128479,0.0017486761729268142,0.01442342997625592,0.01005615653995338,0.025051638310360683,0.013693337847146148,0.006976922758562068,0.008104659433434138,0.013371046242172635,0.022520477123800876,0.009184601459062993,0.007266198485869672,0.007700513278710742,0.007301081627214808
0.018420728599054033,0.019083392444893967,0.0016828534816237123,0.014029192368477739,0.010293237309677376,0.024225723669164808,0.0145405495460054,0.007012158885231375,0.008388768596335704,0.013180129410635767,0.021779943302740388,0.009265037931919913,0.007047918862805872,0.007514937901450438,0.007074726328556034
0.017664325897335232,0.01824578285388923,0.0016211236600486782,0.01378537533096371,0.009205145222671081,0.024255136047870288,0.014495289705088604,0.006427666177531668,0.007265385429867701,0.013925864993640659,0.02174258748976781,0.008434200549811895,0.006835621692303156,0.007375837966245605,0.00679875590315726
0.019130398449591652,0.01804705096937046,0.0016481631341683024,0.013784569941557906,0.009703104064874723,0.023714833068203402,0.01758927801354705,0.006432964151478422,0.007442503145809555,0.013253033812621709,0.021076605285272013,0.008387468792582942,0.006465780699921656,0.007299659535187285,0.006464335685706941
0.01784373396536509,0.018547107182503512,0.00164008535276356,0.013275834054619533,0.00938647401218226,0.023375219871564656,0.020457874116601542,0.005894675738838641,0.007045146299679403,0.013857693344557345,0.0222210476575494,0.00798201087922335,0.006071600012066114,0.007340129829342527,0.0060672385281724415
0.01712443376753956,0.018073201576125672,0.001680542566358038,0.013180692042758999,0.009422817726708436,0.02289242250021879,0.015426888647156243,0.00583822191319542,0.0073943793907850375,0.013140023131831768,0.023062201854849255,0.00803546786700286,0.005893438389732842,0.007163997778084524,0.005906893557156035
0.02004517319777317,0.017540343834483038,0.0016106777684544709,0.014899541750373273,0.00894551749134213,0.022469341474750517,0.018953572674569395,0.006345917327096861,0.007724405439520819,0.013180090994481166,0.02153372288407815,0.008076840017265927,0.006518306926016714,0.006961385054208664,0.00656015444770535
0.018908447152182258,0.01729524485009565,0.0015678939475598874,0.013388111701334644,0.009237663571542524,0.022026179145422396,0.02840931527936842,0.006279958834763798,0.008028337538121455,0.012501600036906937,0.022234184845621306,0.00806653790577499,0.006159224329745432,0.0067890589097079545,0.0061828591165173485
0.018265877829996377,0.01721497380882737,0.001517692610028458,0.014766152320298973,0.008734888663852941,0.021614033858043946,0.01733630378498328,0.005737620136825751,0.006993192502537916,0.01307211710578597,0.02109454549930393,0.007395024605542635,0.005831983541473563,0.006641952089689599,0.005855973444371994
0.017483451565762476,0.016718305284656985,0.0015442642624295129,0.013376521992237737,0.008619010136400634,0.021325857625237393,0.023905082544346444,0.005880839482125236,0.007217880685467475,0.012228539957703153,0.022078548109575154,0.007404786555362064,0.0058362965400350995,0.006484829941801522,0.005903840343606351
0.01897883583593836,0.01926052343699035,0.0015723301607134892,0.015031302194605294,0.009684476197204564,0.02146262014732095,0.016342579934680242,0.007949964520409573,0.00835952469937766,0.01483325651951028,0.021045983488179775,0.00877148534723881,0.008458364392434496,0.006338448844047181,0.008504542021691439
0.017862041854215867,0.0175716072665155,0.0016572622221462413,0.013302231653377064,0.010155084016294702,0.02077943237742764,0.02113959662232072,0.008058771529172688,0.008968989223884007,0.013288385234429958,0.021781366359379953,0.00924590071228453,0.00798052629452242,0.006554079739974211,0.007899698434048611
0.02110543899735852,0.017754923927299326,0.002282342848530341,0.014607782620734205,0.011351670722718348,0.020791569617203895,0.01758075136070188,0.007117499659700004,0.008949654090415092,0.016927134635326416,0.028442761955959607,0.009901692386675121,0.007720202566801128,0.00869079061449385,0.007690649774771028
0.02212532984907875,0.021518339773391734,0.0022278896914541477,0.016410305958497528,0.015008577588042478,0.020273042471484377,0.0269151023666315,0.009145119879580537,0.01195930366269262,0.017877524393541625,0.037935369764400866,0.012851645159092588,0.009360981439027955,0.008296080007645203,0.009386567153234882
0.020543292722313894,0.019118161518902697,0.0021948490141990716,0.014792383230592232,0.014550176136985692,0.01998041188513918,0.02125750361127716,0.00888509710804956,0.011758828564996054,0.016972097243762488,0.03418174260330514,0.012873383283992573,0.00862810067841936,0.008116037448899839,0.0085774772951817
0.021305583201084385,0.01925190504692785,0.002078080683453561,0.01755541648665928,0.0136863480577945,0.03272173739087305,0.022980136636337148,0.008642808741914983,0.01239423765414658,0.016193741423239948,0.03240431031227832,0.013163777443607694,0.0086355776204493,0.007858678985507898,0.008591008358842293
0.019644964886900828,0.018492449027975724,0.0020184229467254487,0.01501995669980457,0.013245903747111012,0.027305733009242595,0.03431888763936163,0.008211280325078901,0.012047550642642395,0.01603974622695906,0.030810355065147618,0.012576362433205701,0.007865774203349099,0.007626659833006093,0.007813407726132841
0.019328121865967073,0.01804631995948285,0.0020951347761709064,0.01630024217642135,0.012114575593136638,0.030661132109873132,0.024927469918213357,0.007453357116968945,0.010878952786152396,0.014975208300589791,0.028411197053403243,0.011597576065819624,0.007333357243874817,0.008074026128744942,0.00729431773033824
0.018985466795826043,0.017505182361558642,0.00205313881210147,0.014892027478510199,0.011933384310683613,0.027935607661625714,0.024645792073419676,0.0073717218855728975,0.011425108914283038,0.01563826145335675,0.027867799219248708,0.011338761802802388,0.007071875402524742,0.008129002577127871,0.007033027520588949
0.0185833158999229,0.01780045972720502,0.001962122883795486,0.01526938203368483,0.011494577940325459,0.02894971753570815,0.02635025970497183,0.007525733306549934,0.010855504733942489,0.01435141877284452,0.02917825681525592,0.010880071309451995,0.0074901800421605415,0.00788457049457365,0.007437496405873438
0.017494182157638906,0.0193955283024815,0.0019299152512193577,0.018044491457414328,0.012229060217651092,0.02897009171249777,0.026877071023234514,0.007762873193768782,0.010732086315276642,0.015278211661192642,0.028055167406196825,0.011501682089408502,0.007512391463848742,0.007700165434602764,0.007468904767527709
0.019824692562585195,0.01799799639935005,0.0018323604784977732,0.023427662740397,0.013652043189348016,0.028190428446517382,0.03373895674525401,0.0091365013351769,0.013388067327020874,0.019115773919829625,0.026718575040592416,0.013297975481899014,0.008938553041403141,0.007464265821756515,0.00885695953944671
0.02175049258322046,0.01809194562822814,0.0018460046193740308,0.017665179484865075,0.013988902667725274,0.02772748352953249,0.02714940056987173,0.008814694783390774,0.013573215375823648,0.017098106625539226,0.028346068179861805,0.013137565152428494,0.00802155250668572,0.007531349983349007,0.007898854337918787
0.02052725964684296,0.017428358389337793,0.0017489763986866468,0.021121824491178373,0.012762946417495251,0.027408294941723702,0.027292803818852015,0.007861957701650683,0.011773956248459349,0.016569246004982476,0.028415138905514958,0.011849101924290267,0.007702941699562659,0.007303789893411403,0.007632746821679703
0.021367152544769313,0.017049631867680267,0.0018682274755040169,0.0170468075365554,0.012532922464229405,0.027561537038312642,0.020841466225804024,0.007760612899736334,0.011817129185182119,0.016006325189050694,0.025987723259457023,0.011731204038556107,0.007218139956131058,0.007862446325328789,0.007162456242085213
0.01966542684169342,0.016628436990043845,0.0017479507354563667,0.019330950299948416,0.011583882243503955,0.026602685981006305,0.021940113857596498,0.006976126811842526,0.01041719951777101,0.01577954562997225,0.025949300805234075,0.010663980657567936,0.006798211473240351,0.007462082453408673,0.006751889758651558
0.018939342418109767,0.02175454996102906,0.0017147612877894372,0.02373672035551749,0.013588186947484333,0.026990636427083575,0.021926536279279863,0.012462359124153635,0.013844051219839478,0.014556957558404462,0.027757638388029474,0.014605804973426319,0.012926796098488055,0.007325580956854851,0.012913717656666433
0.022044459557466117,0.019419046930699985,0.0016488853925868388,0.019675542420035136,0.013460733312015933,0.02606167355239928,0.03166236072151341,0.012664603145157,0.013753939955572652,0.016800562970597302,0.03006670570824972,0.014419896521489818,0.011664128685350626,0.007278352293863982,0.011458546975918782
0.024292579921277712,0.019542338571966803,0.0016467375036225114,0.022169092106410337,0.014372082287688121,0.02589227541863773,0.027257729998872757,0.013679432762795166,0.014425110245759714,0.019014157525879535,0.02500090099898084,0.014943022769639068,0.014134262363520202,0.007248272593895828,0.014088935830401016
0.02271924395045141,0.021757932974688646,0.0015616666452733456,0.022296727054103155,0.016909606127524464,0.025855513280500054,0.02915070747081907,0.014465402501307218,0.016798303660719455,0.021082376412564288,0.0268208974985249,0.017079028248464464,0.014179583296863005,0.007012298203611181,0.01402093732661482
0.021433496948511488,0.02092006434895017,0.0016129812594847276,0.02108933520222913,0.016214239697176346,0.02601006293396787,0.023186326292108202,0.013869986199775846,0.016103625088288907,0.01891400842509644,0.024596551284270487,0.01640248715132807,0.013953384607430666,0.0070839042547198305,0.013880718302461665
0.020358596842503282,0.022041460139592992,0.001663734705388803,0.03199574345194861,0.015445679757130494,0.02513249050892792,0.024711196078338847,0.013222257015397785,0.015498973051649552,0.01872104744823463,0.02575196207950939,0.015681410823022813,0.012484573099399241,0.007296646837331493,0.012392405218337994
0.020884309147365842,0.020774075955220992,0.0016084647384461206,0.021262821874365612,0.014513963366803781,0.025385326408074168,0.018115670917711536,0.011970027584334122,0.014184096882214687,0.01695256615001163,0.02288778525448768,0.014621672018410501,0.012213802843984583,0.007036704233244488,0.012152909644538357
0.019366823635033135,0.020627362060318816,0.001638856492233714,0.028840967948701283,0.01399889405392551,0.024460066948912212,0.01838111477303749,0.011545230433522133,0.013831953305772844,0.016296622778748444,0.023722579826324752,0.014004419282676973,0.011041132393585501,0.007277873094452955,0.010974547834393798
0.018356133869752246,0.020156423784376272,0.001613444929049944,0.02086358308620138,0.012973475792632081,0.024603883915075005,0.015871042532492663,0.010253972252987867,0.012263442717376664,0.01488882610539834,0.027168354617758572,0.012740439025169727,0.01042336343246505,0.007083522706203442,0.010411732865147032
0.01755515898553456,0.01942802158570693,0.001571912087151938,0.025770446178631338,0.012582541521876305,0.024298782396830407,0.016054298373318322,0.009889095598398946,0.011973239473584913,0.014484939396008678,0.03359921495913226,0.012240192047888683,0.009469794706597928,0.006893287363731226,0.009459094021148919
0.016732036358777732,0.019215860639076744,0.0016075252511435155,0.020140504906002894,0.01146574266915133,0.023888705435377414,0.01610411497462028,0.008645905616552178,0.01063907655060504,0.013557193205341718,0.026727765387403502,0.01111204450093061,0.008686586456153672,0.006979462518190007,0.008691670856195037
0.015925299797356452,0.01921799440579884,0.0015961956097371214,0.023183437542463062,0.011456359026661039,0.023422552941168746,0.015551425597119813,0.008363966043749903,0.010425021326664428,0.013327733201349334,0.03268260070556543,0.01082583961611757,0.00798016533472045,0.00691315932687225,0.007992622387815458
0.015170939058787147,0.019038018467879506,0.0018382680961455378,0.019190672302613378,0.010729623988027499,0.02354465615381815,0.014796819355885085,0.007515332633246789,0.00937860361144459,0.01251183408335492,0.02789632400893349,0.010010718256283439,0.007580634699889554,0.00760967722373843,0.0076181220038081575
0.015782908713997224,0.01834507221443664,0.002454883717967751,0.021168665477150964,0.010398097944558633,0.02285667029465661,0.014363886347809704,0.007315846662645508,0.009299972178674494,0.012479179067590893,0.030235054371794762,0.009754587204256836,0.0070460954494972385,0.008431387357080785,0.00707898674764928
0.016276426083003892,0.018563662156001515,0.002360150632973579,0.018219868983136697,0.010329795837904429,0.022546231973130527,0.016176657695698454,0.0065334672807553455,0.008437577509466226,0.011869228618043898,0.02786249723912613,0.009221998786081542,0.006576092467998552,0.008120785138820495,0.00661064108171131
0.015686567623561035,0.01771237959796442,0.002294695583888717,0.01951887299851527,0.010337401361810961,0.02299120814091673,0.014324328266507359,0.006749898889212546,0.008337632228852136,0.011716756112633986,0.029792845652176783,0.009146984445267207,0.00656919733226209,0.007965629922389332,0.006608434313516864
0.014946043602058447,0.01783461917034844,0.0024966744830770492,0.017540036196588404,0.009629504410907914,0.022067402850267825,0.01983887207722389,0.006557636273787629,0.008285867620636423,0.012248356313014434,0.025081040843294638,0.008717135542596616,0.006233908948570082,0.00861081662279226,0.006263306137887067
0.018137163209917328,0.019719882379993448,0.002567870482600193,0.0190505041404768,0.013367011226077013,0.021919329617689883,0.025233429826318245,0.007449648149291609,0.011375670220282916,0.015937861095906995,0.02865602718223717,0.01286447581667321,0.006989630497260179,0.008411758563066253,0.0070705865352545605
0.016474746941136632,0.0184865937215615,0.0024108693474778416,0.016688653433428832,0.013719187846895863,0.021429810930856417,0.017936182367823687,0.007036412731139757,0.01138853119639231,0.014442394847376614,0.029940655663339154,0.01285941429428929,0.006418564902292496,0.008166274959754092,0.006447732444264929
0.016003611522128446,0.019096073956117374,0.00231209861829568,0.017938170718197054,0.01224651112336676,0.02117016938265009,0.023640999869905973,0.007441211532016883,0.01015608236502187,0.014356423837301317,0.02721742259843095,0.011522206009733353,0.00750830595976176,0.008130805936277755,0.0075711195055547876
0.01993631418681205,0.024970983067720186,0.003878103382238511,0.01993292424497865,0.018112720832753795,0.02072213436014072,0.01931836902864106,0.012650700516105118,0.015857556031344144,0.016225064498793126,0.03733242960489843,0.01730635782695541,0.013034119445892469,0.00915117434018557,0.01306751045403036
0.017928983242782432,0.02313084434981054,0.004609504332007347,0.01710365098951884,0.01813306262893195,0.020387597717003065,0.032008095095554155,0.012431972283936612,0.016016118452460103,0.01582809234469154,0.04645120793731367,0.01685012342192262,0.011607197830351941,0.012678435056850693,0.011513529465841112
0.0248504441984874,0.02617420349009576,0.004327262960547138,0.019922303949073687,0.018927527781003952,0.020043103616918446,0.02031591264202144,0.014094101883389052,0.016403718037047738,0.016426243738065113,0.033314042348451374,0.017934290303404002,0.014686170444734739,0.011971402531064273,0.014764369583208148
0.023213122617204474,0.02447047232892767,0.004061085196770102,0.01650953303231709,0.020420182701620968,0.019886621601913065,0.030133065303662422,0.014271266185969887,0.017729923394374292,0.016001990721785108,0.038960104741764055,0.018834453997420876,0.013401550386436862,0.011572411547654916,0.01333546851042551
0.02376489864620144,0.02700898241295778,0.003975851304639147,0.020554141739399914,0.020641757574928598,0.01961005175381493,0.02401107182765205,0.013638743499211,0.01783186656230116,0.018597483375107252,0.035138920779734344,0.019749496205317674,0.013663076342089757,0.01156009690461145,0.013662882501993323
0.022671864273280752,0.028572178388937757,0.003891568507316877,0.016514322533038448,0.02199870417621521,0.019314110815470704,0.023781122762771233,0.014348864865372022,0.01925865369956284,0.016625219112324743,0.04021251692680463,0.02050646801824812,0.013505914105134121,0.011178867714422436,0.013475405076483577
0.021457246852988558,0.026627033152938472,0.0036452532863403375,0.02143912740212647,0.020027026073707287,0.020255651210896664,0.0205194604242499,0.014251428219599715,0.016959811051158145,0.017893503032142044,0.03396438486105989,0.018601743278171278,0.0143026830278366,0.010765914638479136,0.014283561399099304
0.025377128971296025,0.03427345963200652,0.0038282629296438613,0.022634183042192158,0.022868034881784512,0.019180284284116413,0.027053706079619478,0.014136901424422185,0.01901223149650628,0.017466695990583463,0.03938425565581335,0.02095456300168154,0.012963552374922789,0.01061359520718346,0.012893025735558991
0.026427922325498322,0.033697252915832726,0.0037036230294533973,0.020802359450605906,0.024614919834387093,0.01927759958034191,0.03192188015809397,0.013798182463762916,0.020894791899719677,0.019451904913798293,0.04842146190939248,0.02342279910146856,0.013114877810381096,0.01091340338558806,0.013050045521977907
0.024524574965022763,0.03217971344091482,0.003561639368245146,0.02081366672476131,0.02387971260115158,0.018719536428710215,0.03471415294724907,0.013398684341480388,0.020830218991964636,0.017388497944356637,0.04585578142141302,0.02254419573307046,0.011937390397939571,0.01036058127820364,0.011851165186578834
0.02360001490504227,0.03284351866786955,0.0033042598448209904,0.022116643235827987,0.02281287005780992,0.018516701828283987,0.02508198298557482,0.012179353494364425,0.019211483348782307,0.018361074590693315,0.04055580066605849,0.021246973663234924,0.0115607211822167,0.010241430853582699,0.011586778228456211
0.02218647227909386,0.030607300930855064,0.003841882121740813,0.021490547530202585,0.022693831061235712,0.018374126377837943,0.03379876747536755,0.011715642122013616,0.01962507029538092,0.016431298318111662,0.04085748305837237,0.020893586325161907,0.010407945584003937,0.011597323157893675,0.010407990881844622
0.0222820546891926,0.032595631015725955,0.0034941463781993742,0.02047041071346676,0.02026713951077567,0.029229273422740055,0.025144311339214048,0.010174299084696492,0.016743784351717538,0.016205203983784864,0.03454336045409321,0.018585168179591514,0.009753932917947059,0.010885613902050695,0.00976505856599822
0.020979110135666418,0.030149655199593495,0.003394965792395925,0.02041134701260516,0.0200073896034961,0.023138139851754592,0.02762797330516491,0.009817957451103526,0.016941810790504035,0.015175972988923045,0.03503071438525257,0.018082369683776956,0.008922735583146794,0.01061987931458443,0.008928214803224222
0.01993317237940499,0.029466637537904013,0.0030869495396089225,0.019079908755699492,0.017658665292358475,0.026460443234146775,0.02413863336401899,0.008520407491738298,0.014312954155443243,0.014782674536724008,0.02930608391128555,0.015895785524893163,0.008261330164017948,0.010428055119304782,0.008270949460066382
0.022593397034281888,0.031307224168725764,0.0033727727642340207,0.021748823336768804,0.020544697438200282,0.024215101253024486,0.02387671434331708,0.010675016330845255,0.01732479957035328,0.017342667902751865,0.03282962235008242,0.019180791451035784,0.01021807261239238,0.010425192395581248,0.01031051225869187
0.02056969894872948,0.030153285683835067,0.003042212452026891,0.018198441504430805,0.01961285697511007,0.02469950991003145,0.025581752667845795,0.009949219132189041,0.0161711089957609,0.01574284980400859,0.03400621767033023,0.01804913256600704,0.009153238094787934,0.010114635728110354,0.009145282537907187
0.02165135424645983,0.02876951653402482,0.003142187884049992,0.01981598500392835,0.018725325338746907,0.023740274882825624,0.03387289061600971,0.00943176985690703,0.0154817220216639,0.017533841270758597,0.028926243038043285,0.01743855585804162,0.008994401713058096,0.010253729329324732,0.00901799502554757
0.02007644171430655,0.02885067173311697,0.0029237197660836904,0.01733558138825513,0.01829567994927223,0.02373603363137384,0.02179505560034239,0.009331896261353376,0.014809560927248173,0.01570382932131864,0.030728745931184145,0.0167541254158149,0.009040050810298574,0.010101070103721932,0.008958715047832242
0.02047673854452126,0.02761976578970975,0.002900916118019175,0.018307699270550946,0.01765941890248551,0.023530461722103643,0.02572801125681339,0.008894292015013232,0.014141859580731166,0.01588846232610773,0.027976544403258516,0.01628878504115587,0.008627675286581912,0.009811149617404862,0.0086284160954445
0.018968124629720962,0.02662222202649605,0.0026486029937727923,0.016429883743774076,0.017415423214164727,0.023199314237323132,0.02767782999854529,0.008457562522840134,0.013744054760688938,0.015315977112319183,0.03126970972984063,0.01578619821229374,0.008172856758631466,0.009721866379131364,0.008165052944754812
0.018046202523438352,0.028977037691199966,0.0026780608165662277,0.01702978975694245,0.016652072105645923,0.02282328112745261,0.02181035680909601,0.009679575011176278,0.012953896186238791,0.016014767931277204,0.026042923050953116,0.014783759611641552,0.010025473280167303,0.00937436509367551,0.010113321494243549
0.017035076052244004,0.027263745622110615,0.0024874568591641976,0.015936274447383415,0.016772431184704138,0.02236340132140087,0.023803340497107604,0.009350212571880933,0.012799311329385056,0.014726844647328532,0.02851657362834197,0.014435786303970924,0.008938524987187405,0.009383378380388151,0.008934933569635694
0.016893655216191673,0.02906031564643937,0.0024512780767746395,0.015912083673724084,0.01479091183115389,0.021986438998592255,0.025812722490786952,0.008361123410188133,0.011355741928899541,0.015516633850583182,0.023858752554686554,0.012875794643388047,0.008402471288733114,0.009105873555765353,0.008430092500537853
0.01699260702350131,0.02707357114091377,0.0022564914863288602,0.01527198519597084,0.015885781835088778,0.021583539221184313,0.02070932739036278,0.008298616306081563,0.012221948607766996,0.01523538255925974,0.027150383018585685,0.013569384811041831,0.007825832679258673,0.008935661831560743,0.007841432769897093
0.016071652391755686,0.02753360315895971,0.002470882736471372,0.018596008376770543,0.01609197289670717,0.021292243946292446,0.024847824372203522,0.008393040052235455,0.012136610617688871,0.017675733763579272,0.02783157644092192,0.0135367198465366,0.00843027225809474,0.009824506826872005,0.008418256734992313
0.017143224298243682,0.026991147873385964,0.0023227091610760796,0.020585254311460934,0.01719258363649379,0.020839626180131285,0.021576424274319272,0.00979299048702286,0.013892790139468862,0.01857783815975623,0.027887282710818213,0.014679113134527497,0.009640320062610161,0.009282714742266001,0.009653384951526593
0.01591085284132373,0.025894598144816962,0.002584350445159875,0.017767866634897177,0.0157348088833144,0.02069919701378628,0.03009485361730836,0.008977746945242907,0.013140772229685934,0.01742622398581888,0.025331639147986397,0.013579868455497919,0.008670849925649633,0.009224908025396696,0.008626093544193622
0.015826801179806182,0.024901041014543254,0.002384054616817892,0.01936545918907031,0.01505696533699605,0.020198228131911303,0.019883362694047772,0.008246639834494564,0.01191979081614454,0.0164283338455228,0.02581576591589276,0.012624404534832571,0.008007832650883865,0.00907500736563372,0.007997880095149328
0.016166751337354866,0.023964319623103195,0.002464445754116724,0.016950312987215693,0.014477215781636766,0.019892068744597285,0.026073965027815737,0.007839671709761586,0.01188759730350357,0.016057178957817154,0.024407469067864236,0.012184417796075438,0.00757239798294113,0.00904523556380851,0.0075815685871142395
0.016533862850197808,0.023051115847093268,0.0022947519534698537,0.018046402780707734,0.014108904271570322,0.019612851755996044,0.01671774704376586,0.007877518941215593,0.011333044514768182,0.015323292792751792,0.023788867635701764,0.011611766689942111,0.00753970776198313,0.00873732412798304,0.007540377664740352
0.016364325219317376,0.02224877148508243,0.002254680207104242,0.01669546367496805,0.013057004149925201,0.01957884967582345,0.01897597018460577,0.007394100965485292,0.010648992072063344,0.014475356780636611,0.02676926879743954,0.01078661063897945,0.006945636269001222,0.008453314370866999,0.006934907187453111
0.01736774101110228,0.021432885756623686,0.002252090280602834,0.016819225364289387,0.01304527974592321,0.019058861695794477,0.015006440042682877,0.006931358442244038,0.01047231311697544,0.014087473683980223,0.03238366500783948,0.010847004003189432,0.006559393144903083,0.00845987606866522,0.006546802464192655
0.01752277164593846,0.02148666718382327,0.002189155075465227,0.015926035019479482,0.01295552452182299,0.018814708937885578,0.017245118506964568,0.006975227209230066,0.011115652868028339,0.014139988887591435,0.028044724390136958,0.011265666450119076,0.006429015276120247,0.008172445502023142,0.006399619866959821
0.01748886606373652,0.0204518821000077,0.0025254428203644614,0.01701420476043787,0.013753421685623208,0.018757902340154464,0.02182695794569799,0.007829649243205339,0.011827162608821863,0.014325564544778688,0.03380209440761873,0.011792526751908885,0.007401718154925674,0.009252328662558996,0.007394747785323591
0.016478576669401515,0.0199419752216909,0.0025556232888099386,0.015221444661162754,0.013037480343580685,0.018697587594807805,0.01898877096822835,0.007554136802474275,0.011397182341557234,0.013537837571165244,0.03383933928771089,0.01113363829663181,0.006836037050247543,0.00891102536811832,0.006800583258814861
0.01575560502153765,0.022843950565346653,0.0024333609385785654,0.015837494502992436,0.012679239023198811,0.018220413113157655,0.017840024150483722,0.007222449123505758,0.010695120901712152,0.013427131675388271,0.03163082630112932,0.010907924804967484,0.00690294259815319,0.008662032250487325,0.0068972804440514375
0.01583150442606555,0.020943154459871324,0.0023598772171333207,0.014666579107480647,0.012646534936390594,0.01801114780586887,0.01821300121519845,0.007742337929694887,0.010888209029260777,0.012714010871286879,0.03362145866482998,0.010878051239319666,0.007344625275069198,0.00847230112952672,0.00734294111266809
0.014943412867856203,0.02073135957950069,0.0022563630286057085,0.014864704579807318,0.012055769532608401,0.017643515443683703,0.015200231992081559,0.007715427069802899,0.010081778289497407,0.012680802251017167,0.028252251144120635,0.010410875985532565,0.007718644628335452,0.008198030621317036,0.007694188147612364
0.015082262131079887,0.02020393086300896,0.0021432818304275105,0.014660196746132637,0.012231720015298124,0.01814377686472987,0.016095567004218946,0.008310450741163988,0.010533118081298523,0.013200149006213748,0.030703846009534165,0.010995023634860412,0.008337557645050259,0.008040692672552002,0.008331340139231296
0.015383325468939477,0.02084557210741616,0.002036829432552356,0.015776270817548236,0.012756888404923917,0.017488974690657265,0.018782544662184868,0.008711035649729741,0.010896250644863133,0.013626670043803276,0.03057704554196951,0.011165211850770589,0.00873536165292383,0.0077984973514431686,0.00867683560616889
0.014530716528281567,0.019920869993829735,0.0019628229433175702,0.014156126102612849,0.012415697610994616,0.017522493930208306,0.01801374689004553,0.008138010904291844,0.01060294597385044,0.012846062030810375,0.02880984819767054,0.010713056643751702,0.007952237944052906,0.007575017093159001,0.007885238830551223
0.0140535105385378,0.01986461443080287,0.002108992840869781,0.015107237629698435,0.011577288413782374,0.018341436399053307,0.01609328049768534,0.007426114779142065,0.009610490790118453,0.012446244410724313,0.027094065147651315,0.010171238479309628,0.007382464170057252,0.007773926597277086,0.007342919743321883
0.013739279602757616,0.01979906349267256,0.0019773992930236157,0.016929573810236468,0.011296361919934085,0.017589146422848485,0.015413313795914258,0.007007101116516157,0.009313947887763603,0.016446771571500172,0.02590765834061269,0.009763015138121405,0.006867123356393188,0.007441788429207503,0.0068435163898463445
0.01321548623759318,0.019477349253329647,0.0019447085187133503,0.015319384352662882,0.010576331713833731,0.017633952067500264,0.025442583061972748,0.006674588009620119,0.008504566796365208,0.015031685368398337,0.024694398728772854,0.009194651203782586,0.006851501473172859,0.00730426213275731,0.006890422523160065
0.014067139653156962,0.020278290896041547,0.0018836874301883335,0.016931778160970416,0.011211119664413105,0.01715296376481968,0.0517020327423957,0.006981046511079329,0.008698954461952546,0.014801898190417018,0.02448016312148696,0.009144809421319868,0.0071579762842889335,0.007112145843699081,0.0071902297857454585
0.013481648920635057,0.01965909055422333,0.0018191466852218112,0.01486354127858622,0.011116102557188059,0.0173884012547905,0.024424036864855347,0.006594918039788169,0.008378607803978927,0.013518987833051116,0.025425778826689706,0.008998468645280994,0.006621751069152424,0.006918111573948449,0.006634355967856398
0.01853824790426083,0.019578447002687814,0.0017762740891080556,0.01676729206047349,0.012595147130666128,0.017014552351827368,0.03385496819997157,0.007151764722864724,0.009861563486800801,0.01488641296870472,0.025682833333092334,0.01092791189635282,0.006955382946020933,0.007012797580819138,0.00696832391378078
0.016536984980103676,0.018765598589692477,0.0017182028454741343,0.014410363747628704,0.012778773175787463,0.01765585184460128,0.02194010852652503,0.0068896831925913905,0.009998596381706642,0.013643690604139818,0.028205854221439272,0.010864010727644015,0.006422028769308652,0.006774770690669264,0.006413825226421842
0.01651218674701931,0.01854241569006567,0.0016480505996499589,0.01584961135331449,0.011346856008619122,0.016884890229282537,0.024823881754223023,0.006787874126622224,0.00905463293579373,0.014241141881441237,0.023452356317754153,0.0100025218685755,0.006808581934080384,0.006631856712491651,0.006852898684909595
0.015567307662333392,0.01802955468622821,0.0015934765561254674,0.0140539413391548,0.011776912097086121,0.016945353112754597,0.020604646484460875,0.0070717919756203085,0.009208142301364096,0.01346175578740578,0.025427289018041734,0.010153971454236587,0.0068844823395553725,0.006616552683204975,0.006875417473507931
0.017783894293246977,0.021689265255123918,0.0017741078888772706,0.0175819501120161,0.014002024677820796,0.016517704746774844,0.02209479960841311,0.00813899159506518,0.011686275056167886,0.01569981192270808,0.025796188580385366,0.013227006722859862,0.007970397697772224,0.007056627078136563,0.007952727437452239
0.016582547635660968,0.01943298731983197,0.0018388038875480667,0.014384931378501413,0.014515251375663467,0.0163373281135594,0.034159364435566324,0.008619046381552293,0.01213004434659992,0.014129645983828645,0.02929248098423615,0.013336256767436066,0.008420089967611689,0.006918568150580697,0.008350846912086637
0.018445643376213808,0.02403871336030589,0.002202158698258159,0.019767004781301965,0.016003878758867707,0.016179761543791134,0.018930246983526234,0.01169509906118555,0.014239671135203089,0.018330063204523506,0.026289486229344586,0.015011488609927523,0.01246151444072828,0.007381968308060816,0.012508783674831703
0.01785189685320715,0.021867959607969042,0.0021387649849441775,0.015081497392513582,0.01715483773435503,0.01613132655215846,0.025173861860840856,0.01201822652605143,0.015397586329356935,0.016839370710359177,0.031802895934383825,0.01546841030999146,0.011916809186337475,0.0070317913810521195,0.011813412418544476
0.018038389663398147,0.023025590698781958,0.0022217702963958415,0.01941639915612856,0.016450987214108342,0.015813332964197766,0.019732862549519,0.011974184153559709,0.014153769413381555,0.01817974209106542,0.026417129243007695,0.015040764191346414,0.012504781667774863,0.007382585719698073,0.012468960711697443
0.017267395719824722,0.02144924473642354,0.002089176138643006,0.01496849950993487,0.017493078979193288,0.01564402594812716,0.03037064804066473,0.011672893389946547,0.015078525171864723,0.01668844354292846,0.032105258044167334,0.015505022672433129,0.011247342944387308,0.007069536609081749,0.011159763818455909
0.01696589405533166,0.021648492984447328,0.0020764208891958457,0.018209393965967588,0.014749310735997079,0.015425891203312805,0.01785883384612739,0.01062047546075657,0.01263299420196669,0.016713714846800277,0.024478250657297074,0.013446115212578406,0.011068882906292613,0.006944510601383574,0.01104382107435928
0.01601938912519885,0.021233566101900584,0.0019765577676105453,0.014695934069983974,0.015452921515690972,0.015313550518344684,0.02484484202669895,0.010418741137997562,0.013256825172469509,0.014984618795232165,0.028263831020266205,0.013576241863858175,0.010079676181993543,0.006781593299456935,0.010038687736418948
0.01672482282964633,0.022392768364876994,0.0022349886692764093,0.017464786812428287,0.01450418918636563,0.015388021827564866,0.01814752550257982,0.010032118358062897,0.012379582267105806,0.015464584701504224,0.024623245953340044,0.0132720960884461,0.010163312485858014,0.007012663356590847,0.010144545832177877
0.016626914807125474,0.021055699953567486,0.0020480407665564217,0.014536620756075945,0.015377302690364143,0.014989944927297476,0.021489947531607764,0.009804301313633138,0.013277490226956378,0.014155297678023773,0.02991786884810037,0.013682625405828132,0.00919408143187916,0.006790209915082246,0.00915234088957213
0.016219598327880648,0.02123363561655099,0.0020518381866776545,0.018860822186340272,0.014277327992088768,0.014901299986618138,0.018004867140742734,0.00920413522124875,0.012123598945067246,0.0161247667433818,0.026790371924435376,0.012971314473093763,0.009372025262888346,0.006710452296296014,0.009351212486290556
0.015404747398487198,0.020130759052117003,0.002086115019803761,0.014437254324561324,0.01498712502975128,0.01481485906254143,0.02488881885677422,0.009044990405160833,0.012779113379645055,0.014348029121020945,0.030740819149084168,0.01312918393934594,0.008584667140682768,0.007038898245040788,0.008535796689362746
0.014739987244502723,0.019635887931454637,0.0020176785472940805,0.017323423208595142,0.012523956256769853,0.014643546847083069,0.017105332935990033,0.0078108120662742754,0.010445190190963185,0.014314209832285542,0.024096991816398825,0.011258361343081584,0.00792080318235326,0.006748562197555554,0.007890786315245576
0.01493751919970438,0.01950996531928376,0.0019770983087579515,0.014451043752286761,0.013219828381054675,0.014614615912020028,0.018810563396235144,0.007658419871275369,0.011016942198201755,0.013517705186006455,0.027101836464672874,0.011512908981366856,0.007313319291083615,0.006704720332548273,0.0072941764812225005
0.014339667531078935,0.018899764158985297,0.0018969924854567604,0.016021940131906998,0.011266792746974248,0.014312904096426491,0.018600566121545096,0.006744515424192143,0.009139723881077312,0.013272791410193767,0.026635322086898817,0.01004422254179507,0.006809496762156151,0.0065215616813342914,0.006804116414801475
0.013849875954423052,0.01863320603130949,0.0018051431439435896,0.014365815136698242,0.011767803175434894,0.014290461532227279,0.01791000799372282,0.006739111809040178,0.009654795133839994,0.01298133221657045,0.03102990041585523,0.010209988999786604,0.006412212343900178,0.006369054127417213,0.006406619304145929
0.013418534147654955,0.018264942632744408,0.0017694808210542833,0.015086746783205747,0.010259303865810287,0.014008234001811299,0.015455214419237836,0.006086987451399001,0.00820713364942453,0.012589801624370464,0.02523081423637888,0.009054003226960221,0.006033426415321286,0.006256582781843419,0.006034236524584018
0.013803446379119587,0.01893478497625032,0.0018343067147251005,0.014307247245597305,0.011148717869264779,0.014420561067821908,0.015226066812555783,0.006301682552432603,0.009364628376148354,0.012341250506522062,0.029544459178481343,0.009921043038432385,0.006058453193973512,0.006204168794607948,0.006080448461501848
0.014473157942111474,0.019089094621674785,0.002233757235582449,0.0156729145808406,0.011912642840642487,0.013934007435820244,0.015969725369040545,0.006751381224644235,0.009711833894472843,0.013991381883121492,0.024996443358232492,0.010752588567074797,0.006747283436517835,0.0072046621866113224,0.006747262483751201
0.013681217745965932,0.020060369243934454,0.0020818363672876184,0.013863370710200369,0.012155515726462653,0.02670858554689799,0.017325978850086163,0.006570760415911583,0.009655929559698167,0.01350420066681224,0.029370645222277437,0.010578414935424265,0.006277431320869902,0.0067990835776768135,0.006243627969302942
0.01336957377955167,0.018783645112417657,0.002127136179304621,0.014672652008019229,0.01064607920218605,0.02011087330562703,0.019423632330285684,0.005993683946070804,0.008475023861874577,0.013307326360622372,0.0232246698254539,0.009488788568559144,0.0059426033029951805,0.006974713070429147,0.005926647056314495
0.012876061077291391,0.01849355316021266,0.0020753796085999088,0.013418593576249853,0.010805925929171213,0.023898719285559797,0.0165747863072544,0.005911328586771281,0.008426574016861933,0.012535232229720878,0.026469874655513786,0.009329411987057066,0.005724794015171842,0.00716665182870593,0.005719435438706708
0.012926953567060629,0.01807476543843964,0.0021319425516893005,0.014306754897688765,0.00992089358637255,0.02252204787623943,0.01751677528332074,0.0058111113913318635,0.00814778854856442,0.01321565666919571,0.022183003406079645,0.009100748640305804,0.005689415119947265,0.007090717290708972,0.005682160666352446
0.012766233772240666,0.01754457365833079,0.001982677029031381,0.013043941914457553,0.010210229376266328,0.02477356026485157,0.015257249936362873,0.005713616867062205,0.008290191799527023,0.012306878978647984,0.02449071670711887,0.009044282354360843,0.005412128088183038,0.006885070056201104,0.005402514693060932
0.01470761288330795,0.017367334817404254,0.0021644250645921214,0.013726436027768596,0.009885179250291561,0.022901546154741017,0.01571475192194245,0.0053916589039687615,0.007842301292964832,0.012406433512497766,0.022912630326240257,0.008729346231676227,0.005231302276134384,0.007066122871515602,0.00524079055150555
0.013942790484750936,0.017278084524827587,0.0019872538093423852,0.013078342318936136,0.010490202695516548,0.023429196242487488,0.017947803783411022,0.005478963022927002,0.008289285364478406,0.01197727970039913,0.02330830774206714,0.009117692646385908,0.0051782108734181485,0.006797021377302482,0.00521288023063741
0.013517492899144922,0.017160316576027502,0.0022261533042275557,0.01327168002600183,0.009670152443335247,0.022672415770604557,0.015041425847679635,0.0057859046851507145,0.007686735710614361,0.011920706111507385,0.022790815564635903,0.008531538584268382,0.005742999898886403,0.006647425025953769,0.005749973290929153
0.013574022577368712,0.016919846309389176,0.0023409064951051164,0.01287046170564863,0.010421781855226037,0.022437130778474014,0.019824351422904174,0.005699765839659504,0.008733187521656261,0.012307734497086317,0.02501084956333052,0.00932168555365235,0.005427143209745338,0.007763446132809675,0.005413417334048389
0.013613916608581477,0.0174596872349983,0.002496254606756957,0.013706053733475936,0.01036676364559718,0.022303464116811503,0.018959618112365805,0.007310539683654181,0.008628186629753728,0.012105836418847542,0.0286214659223319,0.00938358522616791,0.008224661493135084,0.009006769842727448,0.00818412788460207
0.013752908426160395,0.016853049792081316,0.0026463273895908144,0.013357416914136588,0.01043229453745014,0.0221081286986872,0.02190757891123072,0.008578400160080607,0.008613557688241432,0.012417899228814873,0.023407255845020968,0.009150995403927475,0.009378066845793547,0.009673751822584151,0.009224254395599924
0.013702392223678878,0.016512880888063294,0.0025384739399311575,0.01315401255429202,0.01018389034588487,0.02161683375033767,0.017672311010075707,0.0081376569564575,0.008791066947601846,0.01239059775745164,0.026758609045704308,0.009085991157704679,0.00867037142014292,0.009130946086251384,0.008506075027420075
0.013184137124161874,0.016132002155142204,0.002412109601756488,0.012851042891495365,0.00990815896207872,0.021829885352482217,0.021932383780140795,0.007658958781118618,0.008433065658326301,0.011964026057274433,0.02387914763867217,0.008754655321969177,0.008030320941505954,0.008906553232362599,0.007896437202971876
0.012820983672933639,0.015888715100321086,0.0022879803261931526,0.012654193768807585,0.009424733160368544,0.026804416263769372,0.015789380068874,0.007279165078249071,0.007833317120566946,0.011688374569955425,0.02422544271734065,0.008361820747023066,0.0077239544183870315,0.008602707595071833,0.007598611324083313
0.012478478900556653,0.016656255987085276,0.0022834855933465768,0.012388124249419798,0.009284882884672368,0.023620159805760745,0.017643720871502736,0.00694366693869644,0.007590384380650275,0.011685367220938199,0.022604304585603772,0.008165953281389592,0.007214499172815837,0.008853103163218029,0.007118280857878733
0.012715564273215312,0.017295114086762983,0.0023396039657622957,0.01221052991816714,0.009666959002566583,0.024768921474310694,0.01863654523764564,0.006474898877124201,0.007636086794618429,0.01227768366644462,0.02639347603702894,0.00859763085872261,0.00672883284898716,0.008930940769749894,0.006652094311483032
0.012709424161797146,0.016616530699342776,0.002204873410206498,0.012040332466085824,0.009837423081535483,0.02341218613731282,0.032483393206602006,0.006192418228168589,0.00760367729866771,0.01215310879759603,0.029225707859134756,0.008542535339721961,0.006298660841206407,0.008556470007030265,0.0062388725409493724
0.012315463870409377,0.016334530150313043,0.0021164449300044687,0.011871510350177847,0.009113313449403285,0.023438175515767646,0.01888438332688272,0.005757070457008328,0.006908775719608513,0.011830909052702999,0.023878917474096803,0.007895648897962458,0.005934402798144511,0.008397636010953998,0.005886912098533319
0.011994979110691768,0.01685137661836639,0.0020004979322251334,0.01171663786414048,0.009111219580407346,0.022754975526787572,0.024501194127244608,0.005691879259326735,0.006893979229007019,0.011446650160381402,0.025831113273798927,0.0078043053846323825,0.005985650370291321,0.008101068519242884,0.005971154203795065
0.013284715008812462,0.016144995344188007,0.0020062337025478767,0.013884524582122092,0.00927704430733823,0.022592345246359388,0.02080861132695038,0.0062432711579073485,0.00733126009039511,0.013698859845123004,0.022637715443622183,0.008135954982168498,0.006365677840083049,0.00804617431000634,0.006344949132448072
0.013356375472378215,0.01621065963819608,0.0022678578302741267,0.011933680800549028,0.009534792289379748,0.022035721352766314,0.01845237161744703,0.006108783982677942,0.007775597747950741,0.012545675857632135,0.02396597637370197,0.008217212088935982,0.006048381550521199,0.008445499415112639,0.006019619733174704
0.01404622671463153,0.015981251505546714,0.002230397736179437,0.013089092104418568,0.008651048798474562,0.021682351571501658,0.01707650492281791,0.005706691537061279,0.00705231906752119,0.012776459585287572,0.022356565274277748,0.007537662160020291,0.005844884751004258,0.008411149638888471,0.005817801101989059
0.013815382509822728,0.015582606075527115,0.0021498481318274905,0.012541955042488001,0.009414937402304107,0.021258334595474437,0.016553570009030436,0.006617150823435187,0.00750393583758473,0.012474486402036798,0.02497858214559405,0.007916011006464281,0.006823090214201899,0.008162610084784073,0.006773137431931229
0.013862503303659518,0.01652349107440281,0.0023433238690906614,0.012589061904709781,0.009233198584171386,0.021008245601588788,0.0181884040682174,0.007262793357291068,0.007381284918809699,0.012222856917087759,0.024304806578038768,0.007678550765870739,0.0075854603521850385,0.008895483988449214,0.007507390098557633
0.013387659910542067,0.015974608334175057,0.002193218715295741,0.012714113625248049,0.0090160588419262,0.02054579051052979,0.01748659504760839,0.006947433027820555,0.007174252274035409,0.01169958774336468,0.02363556843121806,0.007579670973945129,0.007033810085781018,0.008372721295257832,0.006942529602933829
0.013118529646280677,0.01578863162309377,0.002418616294995056,0.012217158768264838,0.008481534631975922,0.020228987318823378,0.01613541914787158,0.006524238794161329,0.006657233647331812,0.01235152181787313,0.024476457495898097,0.007172829521867383,0.006839670087201981,0.00845941961267655,0.006776580746095733
0.014881476963263352,0.015544683364536101,0.002510535274200474,0.012420172776851939,0.008328314604300294,0.01983710969951748,0.015468176837476089,0.006227539134761782,0.006502238833303976,0.011742635993808053,0.024142515436399538,0.007026811230508052,0.006367671659969397,0.008730769624068442,0.00630489764775641
0.01399689887709537,0.015583588440545868,0.002528734744912484,0.012464117428284934,0.008807764584351346,0.020188308138825804,0.017168195907284148,0.006000191595398512,0.0064783531447273335,0.01186285925680731,0.028340033101807063,0.007303485836513947,0.0062910454204343404,0.008892658155411064,0.006225185678046805
0.014629704780007757,0.016667191925486925,0.002386448501697707,0.012051497863839198,0.009466147139805233,0.019439822861224716,0.015842415604874115,0.00658522380317052,0.0070463721652843135,0.011308167815082428,0.03346846158828619,0.00794259124388107,0.0070415720373780966,0.008505651993239723,0.00699141934487195
0.017092825814699782,0.015852535388083473,0.0030363301712889946,0.013943072876832947,0.009584115070518356,0.019353156724434196,0.016667767478571148,0.008801891825260635,0.008219109889611284,0.012516539565862435,0.03340704214530206,0.00828242296599454,0.009473817063551784,0.010353448739492224,0.009521891614213013
0.01781761326230973,0.015772522978483264,0.002766298793378105,0.012698741650408846,0.010543664298796352,0.018870083496012022,0.01722523710635666,0.010015846280728706,0.009304837753526541,0.011959414790419398,0.03157941375146311,0.008870593618632407,0.010259531005761647,0.009894292016976374,0.010190799180861217
0.016777371298920627,0.016780551860110085,0.0029738766169438253,0.013637402173953277,0.010601242167172464,0.01871937042116936,0.017778945637924003,0.009557007911110207,0.00893943343500771,0.01207593134931579,0.030926031273859334,0.008802003236281091,0.009754325404713177,0.010249297392883454,0.009727229410680728
0.016234107225695307,0.016002661871825096,0.002772450477935669,0.012563558133330795,0.010388285243711432,0.018311431364847443,0.017841352402549818,0.008883034897189139,0.008786402272724212,0.01284333644889048,0.03205615897722029,0.008589289223712944,0.008899764355471436,0.010081681159983057,0.008872094684847582
0.01581599570092397,0.01636514233851914,0.002752949183781471,0.017726664376784603,0.010861174131495819,0.018803542474779163,0.022977254048868266,0.00894848879198661,0.00980980704541057,0.012942611344911203,0.026974143703786226,0.009018362912613449,0.009143057769534009,0.009865838533645031,0.00908954003381741
0.015019892366680191,0.0157378586859441,0.002511866844424653,0.013083571185150012,0.010553877963363656,0.018067759038394082,0.03936102738829384,0.008466722935232046,0.009587537325365166,0.01239553192516461,0.02806205417588819,0.008698369781939629,0.008306646152174427,0.009522322275595038,0.008243546824568997
0.015510230687435778,0.016385770549615538,0.002610912394937814,0.01723798510700932,0.010747339247492433,0.017981418818653033,0.020442075152874346,0.007959451195845148,0.009389607397814753,0.012576953036327386,0.02541091990011011,0.009180611769569014,0.00803879497367719,0.009687816292452373,0.00799205021282253
0.01536094423554128,0.01564849949610679,0.0023845737473885296,0.01698213170631959,0.01076625472441245,0.01773562314415729,0.02792758976449155,0.007605356823771547,0.009365979032011277,0.011971372830567626,0.02536733396657368,0.009095830030486786,0.007398312360171049,0.009229131007339197,0.007356911956747623
0.014625609458583187,0.01598051675432905,0.0024383183353807614,0.016231417941402995,0.009760412575464249,0.01745848062152363,0.02300683341467387,0.006917531943911541,0.00820944165736878,0.01171751623330888,0.023815143588080217,0.008299983326226256,0.007025987344060879,0.009089394868497983,0.007017258555553284
0.01403691754563966,0.015373439884587699,0.002270674482601333,0.01620248367191056,0.009757661608281638,0.01727691576614936,0.035457971380941054,0.007239508558710023,0.008840658749875224,0.011562354351992477,0.023504764992231694,0.008468932078774475,0.0070053671265305215,0.008844716396003868,0.007007732241977117
0.013557561957084416,0.015220729553077975,0.002370316201069746,0.01533459870626439,0.0089618985930008,0.01714617337122318,0.019855522906600115,0.006801817925175146,0.008196944466503367,0.01129093927204943,0.022940969075248917,0.007908379931755676,0.006623040227339259,0.008912154843200992,0.006610321400507452
0.013629031065853161,0.014909720494551382,0.0021596796034127567,0.015305973976810596,0.009109582358210747,0.01886899756157126,0.025559954730100042,0.006956057408586807,0.008008620283345737,0.011299758654685863,0.022396081073045634,0.00789544918358438,0.0069706860111814,0.008529215262614813,0.006963798752345536
0.013115662480084826,0.014667022424699997,0.002130116246503452,0.014644105883359498,0.00861540595872047,0.018353097188804967,0.017748530595968467,0.006849185714578695,0.007464669405958484,0.011062696641876948,0.022348450020916143,0.007490475255442575,0.006920239809960868,0.008297345473723735,0.006879247519017869
0.012702855010545014,0.014437947560200937,0.0021422030875694457,0.014685360648321271,0.008552743385562554,0.018179384334957038,0.02415347170379557,0.006656947541822044,0.007528007124724151,0.011406613190907475,0.023317679165511952,0.007489386119099138,0.006860729997556282,0.008159116333008117,0.006816415042607189
0.012511574687940497,0.014362654949071027,0.002714775647097435,0.014057630786251647,0.008257609931392858,0.017811016347584644,0.01739047317112608,0.00632156210990975,0.007326917948017891,0.01100578758456729,0.022690069068406565,0.007466292091144759,0.0063850973336049355,0.0092505493424961,0.006341403702541274
0.012134931879565214,0.014131522575890116,0.002550334614569373,0.014179616058948553,0.008159431884446405,0.017802430954900684,0.018068889505758592,0.005897274555764648,0.006884692430175541,0.011061134157533663,0.023148034561433536,0.007232458420484728,0.0060615535314425435,0.00868083242439769,0.00604038667033348
0.011954826708074007,0.014117096467905892,0.0025636257901290867,0.013473940192522,0.008261345937662846,0.01742435544710416,0.015455385994605195,0.005660939985556443,0.0069621581472462755,0.01111544430787889,0.022524386285808,0.007272460571434642,0.005729954406345122,0.008567011790564136,0.005711056081087417
0.011642518759651117,0.013863024632590329,0.0023443395049961395,0.013576273576980342,0.008267434186354967,0.017908958333839972,0.015123238817529548,0.0053494567094554725,0.006774295483488964,0.010893874836416361,0.024067596896095552,0.0071934568721393885,0.005503606531911767,0.008250151025486109,0.005486597417593219
0.013225701397267484,0.013725433798462177,0.002298444002804126,0.013113484212192187,0.008017245948409794,0.017176713527226637,0.01429178006895729,0.005307766171292825,0.006542632733118272,0.011183157298588478,0.022523046693198566,0.006917735322983837,0.005344736925427676,0.008015031144024454,0.005325141071279055
0.012439562089031297,0.013585095818401765,0.002518955547230214,0.013018700362485723,0.008128618038801489,0.017132470811284342,0.014617712266772505,0.005145534965851834,0.006441620898966357,0.011395459801009917,0.022773711442108758,0.006845066095979982,0.005146737875687355,0.00898020101746796,0.005135226558071725
0.0129008403130246,0.013466932161452026,0.0023955361612905107,0.012674640195134803,0.007654779527895392,0.017401396831181023,0.013681160489097864,0.0050092217182070645,0.006095991356986585,0.011217370527460342,0.022331815098160877,0.006585884130533035,0.005015468948165824,0.00842236606064173,0.0050073055475974735
0.012619182178574249,0.015043738954958405,0.0023063972790233864,0.013318089369357569,0.00853210621243105,0.016942790045576698,0.016181527939668566,0.005655067986609047,0.006940936356780119,0.011228933105368415,0.02392375325968559,0.007363055822332261,0.005863263187898239,0.008219655915171651,0.005880120124204644
0.015554036853503997,0.01586826281930817,0.0021839871572116934,0.01281420408947038,0.009408877926402244,0.017224941163796893,0.020973203990066316,0.007102519680731583,0.007839938999508965,0.011267662838312806,0.025606943587416695,0.008196651206017359,0.00756927651857897,0.008004090301120327,0.007522847854963507
0.014244243087117024,0.015328907345461605,0.0022094864451429608,0.012752944140026328,0.009490586182617578,0.016687374139452277,0.01592984558117914,0.006811967052465884,0.007570234423914888,0.013213964820979586,0.026746829627291434,0.008019538921886964,0.006856256393658579,0.00803128393518037,0.006761349422182871
0.014195197780988808,0.015137186660741707,0.002077680030145469,0.013062132504219417,0.009911902186965948,0.01655651229159027,0.016719332758634145,0.0069050374045366725,0.007969452836079267,0.015259394372035693,0.03093040671684728,0.008287721581886797,0.007155737929768786,0.007719736029330675,0.007103605003733035
0.013857833730635243,0.01550221164061727,0.001998367084375488,0.01388463730662223,0.010893717710491082,0.016492976473151125,0.01665571173352184,0.007446232655447075,0.008921724455434014,0.014091391578319219,0.03448994297107648,0.00946826968506045,0.007437204627247068,0.007509465553515866,0.007399753576687271
0.01332834103604284,0.014981346225246179,0.0020315429235158093,0.012979180260188617,0.010385684664863249,0.016826014162755448,0.01644558104598271,0.006870145509262237,0.008453388555511337,0.013959096502533604,0.034681045492673104,0.009129689556608117,0.006847435126414331,0.007627914192665336,0.006794500475291187
0.01334201972509872,0.014834528564026901,0.0020304194401342193,0.013303310540416986,0.009799496752181523,0.016238380197743155,0.015173570912308827,0.006467618863737815,0.007841654514558385,0.013051152315943438,0.029923117081194616,0.00848710928282833,0.006437568847506645,0.007707076137488729,0.0063965523818957735
0.013027362774263555,0.014578642143802074,0.0019235284331086846,0.012701503900422724,0.009635693111964567,0.01636384997971313,0.015596320841026641,0.006558490314253219,0.007856042971706024,0.01338129992793605,0.03025813934456878,0.0086056657735516,0.0067434479283840654,0.007447136762568247,0.006712230963135128
0.012745063711462752,0.015713289618447347,0.002099988139508486,0.014078264174009971,0.009980071187122542,0.01598579103090628,0.017117753323467707,0.00684416026785764,0.008100971865758396,0.012467167619085551,0.027201582006701006,0.008726057043262913,0.007171229275952396,0.0075004893521196945,0.00712820694770417
0.015878505814516723,0.014910151472798583,0.001987863247304642,0.012496818753976959,0.010270616084406999,0.015933596495060716,0.02178887961571351,0.006740453096426816,0.008593805046358089,0.013042426895574548,0.028053525382254536,0.009150312557864243,0.006780629614287711,0.007257693916390081,0.00674618268810799
0.014910189150296635,0.014942956662507379,0.0019949270256145926,0.013286629000383505,0.010043707147456955,0.016076577904327136,0.021170867900138418,0.006465111757586096,0.008267840493530031,0.012397767201258418,0.024803836305800173,0.008744459041363674,0.006428534683533849,0.007332056069359922,0.006420428456732248
0.014423814340462532,0.014913589642600242,0.0018612582782847468,0.012234625202367833,0.00963894415000659,0.015648599291793495,0.01742250781512493,0.006049382077169213,0.00767238466055965,0.012209154371148032,0.025947185518099297,0.008239759787895927,0.006036975003265269,0.007074477667490797,0.006027219762300365
0.01395408662704962,0.014624198045858803,0.0018733779558210665,0.013633338477468665,0.009120461997700443,0.015600905076449996,0.017955920259264523,0.005770229646205687,0.007392101588262526,0.011652351166798384,0.022881581295776256,0.007917243142573645,0.005796545094946624,0.007009458652680572,0.005786752009849928
0.013439875531620816,0.014796862067669494,0.0019237024801370994,0.012076955042459609,0.008898182622730236,0.015260531036342615,0.019718584412978208,0.005472774207934656,0.006931548349545372,0.011493914951444544,0.024108241139295567,0.00756505232588801,0.00552619608490497,0.007284533713427374,0.0055235975014873775
0.013854581306327081,0.014435685750592276,0.0021454851860585327,0.01294439712924186,0.008527388172374667,0.015799572533958094,0.015965253034360326,0.005423584672202538,0.006701751259023269,0.011182162446893396,0.023000567191000864,0.007304920310260774,0.0056393950798099566,0.00738469382513079,0.005662033226434474
0.013783054248168336,0.014403785632884534,0.0020610426872274437,0.011982617777441506,0.008712072055642544,0.015138447956501868,0.019431184113870167,0.005302456363306793,0.0063959025564387486,0.011026445646769894,0.02346349177788707,0.007184257761689531,0.005426914352877608,0.007364607675182512,0.005414570485353217
0.013514737767198628,0.014157518189530902,0.0023557387170226743,0.012398051801274021,0.008611518560898248,0.021053572118702745,0.016930467889932407,0.005556600985272068,0.006500145876627642,0.011533426227328211,0.023236717578004752,0.007187034903217549,0.005680351459539846,0.007908763073087776,0.005719656136245994
0.017923842954727733,0.0142237300953499,0.002342450953291086,0.013622847512595676,0.008868115485746906,0.01752985388759835,0.0157565311452677,0.006451888713223163,0.007073444590692126,0.011384254639272291,0.022655600493143687,0.0075711262662858094,0.006617061230304071,0.007911518957431512,0.006602823150419498
0.016116306350069873,0.013920791138983993,0.0023122547730667796,0.012610074099755463,0.008820537985805038,0.019115145697631453,0.014711447638795021,0.0062144747459945485,0.0070415191813659435,0.011194003570472113,0.0228527655473409,0.007463838853420315,0.006144208004599939,0.007808216059656028,0.006091410256264957
0.016096164026778666,0.013868641160592448,0.0023035337806352136,0.012956842639050295,0.008215193144368357,0.01851020766398077,0.014670038826463026,0.006185313601947077,0.006496813564989235,0.011338251224035431,0.022884011173729672,0.007168424427640984,0.006450484877898832,0.008300624321613213,0.006391224384900578
0.015237248097535166,0.014428653882604283,0.002229915643185442,0.012980139023357335,0.00854606983471218,0.018336865035009756,0.013752159209192306,0.00669738525876801,0.006794608323525393,0.012470567237009933,0.021621891934074534,0.007424484736234224,0.006829558740715387,0.007928433494620113,0.0067806091805378554
0.014639953951893492,0.01406815100454122,0.0022165337709013047,0.012717768440104738,0.008167903288582216,0.018193273350792297,0.014489805420382666,0.006342498725213307,0.006464308839215035,0.011762163945801724,0.021752587051628886,0.007104503385338535,0.0064135194713086496,0.007828043008806584,0.006363233868796254
0.015674157321530092,0.014013244945902874,0.002161470968972229,0.01447124324154223,0.009445242063589657,0.017826614186541037,0.014811467212079116,0.007165255712880592,0.007501780762468652,0.013661372971567847,0.02179976156429887,0.008292256495264048,0.007645461259414177,0.007684681293423547,0.007655924090069282
0.01673220707536204,0.01588638998286763,0.002259763889083368,0.013702404248733863,0.011767903661434116,0.017599679306863486,0.02225325014093464,0.010268874759945286,0.01052414665489737,0.014587611989558371,0.025135441887508478,0.011306376263621404,0.010417523527213366,0.00823892817447673,0.010318079693386944
0.015599928381168424,0.014741812432519113,0.002121665884033018,0.013723334632981738,0.011533592638691543,0.01735405573422072,0.022927946269422076,0.009855690230887683,0.010482819501384117,0.01380724680876065,0.02728114745521111,0.011059304187096173,0.009244411942051646,0.007796487149395114,0.009076125805656574
0.015906985993871962,0.01597939598951176,0.0020664608750282005,0.013444255409264924,0.01099418487069666,0.01718126049663837,0.02116523604894001,0.009174340810740155,0.009686538543861608,0.013853258267742868,0.02443728629894601,0.010323420498575025,0.009375238858021672,0.007799536545583903,0.009268412963338116
0.015060385389053375,0.015161290984942732,0.0027665982352689973,0.013278183071387515,0.011372219108801422,0.01724081592733912,0.03398421148414376,0.009741231804998127,0.010279041785410208,0.013056329511316096,0.028062973575718096,0.010571868049454695,0.009798455138777602,0.009987982929242932,0.009698044395001328
0.014450535962085438,0.015083333393501068,0.0026386488388729485,0.013077442725146405,0.010488462903099025,0.01678294562876135,0.0196701044694233,0.008739205525155565,0.009162338140073301,0.012643967464874627,0.02509785799635973,0.00960356036655886,0.008847693127248219,0.009516910506461132,0.008731781274026814
0.014485638792896233,0.01474018783490674,0.0025974070284468247,0.013141207926116883,0.01085455319491263,0.017586789049108202,0.026985221990795973,0.008397705431266443,0.009591815167248023,0.013983302846399797,0.027345314608096992,0.009857894990416715,0.008310564099016966,0.009279356797985137,0.008233138485610613
0.016443815529087538,0.01747108495065443,0.0028778402443385143,0.018628296817198676,0.015545292022690489,0.017555560246853417,0.019757242617748125,0.011942898259512042,0.014167172541786573,0.019446422706982314,0.0285144955688134,0.014007389976028763,0.012054150547746662,0.01002108867774439,0.012008533247162192
0.015270512293849667,0.015903410003637562,0.0026915590632262515,0.01405108015831679,0.0161418261107493,0.01932269653306541,0.03293878374771622,0.01165057174407277,0.01473560264011198,0.017006001788129495,0.03257226199830463,0.014066527842202753,0.010546975955449917,0.009425057294966068,0.010376672919859222
0.015202283145797578,0.016433428780237447,0.002560370669274683,0.017086600327728504,0.013836878137432833,0.017866334877494894,0.017563504630894705,0.01096426451124274,0.012410248425473516,0.01708425502004479,0.025826786054464645,0.012213196053671486,0.011299674759445972,0.00916270187873391,0.01134840043008038
0.014582489950885067,0.015738403963293873,0.0026764257255354495,0.015580474662833103,0.014691458210060751,0.018272565866036428,0.022678616624313377,0.011647741207560645,0.013431014639629226,0.017666632460683267,0.028050076317947224,0.012364758540595997,0.011161238211357956,0.009161609677074087,0.011167086662561379
0.01677880106562218,0.017642457875284345,0.002516719127454286,0.01775516461584757,0.015362142721002153,0.018339580313420076,0.022100671903563116,0.011880328771453863,0.01420025793338439,0.01860027375015684,0.02782746605503295,0.013375608051707519,0.011771613906128076,0.008807010928404371,0.011658416019389073
0.016032979959388377,0.01735305056310148,0.002575256665481551,0.016147224462896483,0.01645937579484952,0.01882019446716975,0.04010971299468817,0.012116459455548814,0.015367706586411676,0.018188867146109285,0.03524012842454041,0.01421111819197384,0.011312437005308304,0.00897549064815847,0.011097943646073676
0.0154016892959154,0.01691971847089238,0.0023909014204185138,0.016890817680236973,0.01450992249121211,0.018384798830527415,0.0238974876633444,0.010728480665931772,0.013205109835736363,0.01782532553566741,0.028606168487818055,0.012560420498547956,0.010326653101128463,0.008715605271431863,0.010170320115548671
0.014915626703569414,0.01675959812815186,0.002536985326468465,0.015845207226768,0.01476109681387754,0.018862846528451552,0.02698253170335525,0.010584209159521012,0.013636227472937235,0.01643284292601195,0.03024349272387133,0.012708515317665214,0.009998918010212042,0.008949638442481646,0.009880281270153817
0.014314541693422118,0.016291518647010873,0.002510261470283187,0.015831851795096313,0.013126261589096237,0.018097850451681864,0.020957615547986187,0.009490777164900991,0.01189652068593158,0.015612723323628008,0.026392445250260518,0.011498614948398187,0.009136513634466693,0.008762188005014169,0.009029332111609993
0.013759065229105843,0.015970532882726686,0.002478428606668567,0.015212103500308782,0.013124577703346402,0.018034742167143635,0.02007321553996035,0.009447635488450288,0.012146689490866098,0.01455961092085537,0.02729521604024392,0.01165837049637271,0.00910983887414205,0.008478986473930859,0.009054711251761794
0.013764491039228145,0.0164771129453643,0.002631932173977398,0.016333989831514385,0.01188611493144064,0.017628221073982844,0.019564477108944853,0.008725602185236749,0.010728143262454432,0.01410141601328129,0.02426048953031063,0.010676202277858274,0.008400382401570266,0.00954933411959904,0.00830136532339529
0.013309519250170149,0.01575809585388092,0.0026384662683761194,0.014814562960970905,0.012076255829024402,0.017719983432963174,0.016690541217733428,0.008201954277630527,0.01068689715936015,0.013814695804139932,0.024641627127157374,0.010603518403246475,0.007829378127238001,0.009327566896964578,0.007738153628531932
0.014409394546875096,0.017507514370503654,0.002547391338741225,0.01757187399336113,0.01292348239449719,0.017204063177631183,0.01619169757374227,0.009782528774520339,0.011101222686582092,0.015251371989761271,0.024809732278635133,0.011501883464221065,0.01002158889361718,0.009045563455145993,0.009997496508828939
0.013693677060894624,0.016526886906079223,0.0025821149006390962,0.01445687545949228,0.01305957563539615,0.017061425854210457,0.017066553218377304,0.009876109478682053,0.011469249107097925,0.014015346338403976,0.0272332993410597,0.011444888934814166,0.009365827498743338,0.008894692649413139,0.009294707899973819
0.013732600705603918,0.016362956868309866,0.002425913636368531,0.016479607327106505,0.01194759716442108,0.016720134576220153,0.018842675805244315,0.00882682369116957,0.01056836196156225,0.014077711765609725,0.023132449536339913,0.010720569649952504,0.008635038745653922,0.008667258293281506,0.008594111151739796
0.013944471965648937,0.016416111300050336,0.0025502356822974244,0.014068653510604646,0.012331817879785783,0.016755087691291703,0.02708859138144811,0.008797841518883123,0.01074670754460788,0.013013450420387205,0.02502122436108415,0.01078864459822542,0.008468593445197485,0.009276685364039255,0.008458943751192315
0.01330375933360746,0.015901031713626754,0.002402770347267989,0.01579283241440754,0.011005789206025953,0.016350121139359946,0.018903302044911786,0.008015218964153777,0.00952333376036921,0.012866615232167677,0.02203923728270382,0.009769565608310467,0.007853019315763656,0.008961695970640877,0.007830416738648626
0.01288596322946586,0.01583317901505716,0.0023811658053571275,0.01366992586502913,0.011125011416637309,0.01640357126217324,0.019594025026676593,0.007594090175089044,0.0096552421735271,0.012604307857142963,0.024391776897765314,0.00969504002473188,0.0073011552789416,0.008669998257304535,0.007284838728885822
0.012697176406266768,0.01539208661380851,0.002322504725157602,0.01852762785920515,0.01072025431125395,0.016126367991610394,0.021524998707668906,0.007143796988247592,0.009254697145789003,0.012477614874358145,0.023367828443470982,0.009503420485421674,0.00683355934737751,0.00895939864552832,0.006823920117574766
0.012292888259576482,0.015601355794970018,0.0022279053861686228,0.013782909881543112,0.010733734205108019,0.015910794500152786,0.04031913712384569,0.006990802225675064,0.009572830891461638,0.011992953569472824,0.023012607947224376,0.009862542700523962,0.006678249533296655,0.008532958506299745,0.006654740564983257
0.012020925317165485,0.01658888766973179,0.00219875100912542,0.017422773485388506,0.009668247164649644,0.01592583235793037,0.02372943694603623,0.006515106351341797,0.008694762753342336,0.011870288996507434,0.02869691799289176,0.009157740732153467,0.006227519984271176,0.00862264267458629,0.006203925621801759
0.0118262738239195,0.01725909717104868,0.0024448964933432467,0.021653223267515162,0.009729690635371133,0.015593415399168127,0.03919681133866208,0.0063553246400490405,0.008423406306690135,0.019010794098489756,0.03468556705441522,0.008807535210185725,0.006329573363499211,0.009751241224654487,0.006308475159923277
0.014123898626778913,0.01676273222026514,0.0023159759781292634,0.016987500280187758,0.009382775327813167,0.015642069135356568,0.021891668268100246,0.00681247421157623,0.00826860409699777,0.01635965869113923,0.026479196779531637,0.008962766153834217,0.007047983848204683,0.009129926384830941,0.0070683912458259016
0.014836026096130163,0.016398797815927114,0.0022347760598250537,0.02023256476033963,0.009689716604178805,0.01528023607209742,0.028601864952414104,0.006551009603335992,0.00824465174040142,0.018282267440795044,0.030796441631872135,0.00886518423174466,0.006494614363780353,0.008936546405577384,0.006467622965103709
0.014230662463390054,0.016239917852183688,0.002109392627525677,0.019967562883005153,0.008992407866937302,0.016073889571680225,0.02353202605220672,0.006037698696904547,0.007458681295776597,0.016021422762085447,0.025714936022329948,0.00823177180076434,0.0061347767567813,0.008859556661674824,0.006140668720141772
0.013825296908060782,0.01659359896296435,0.0021309083708115637,0.01934299760802226,0.009192637891473709,0.016722891400974313,0.02472509321165899,0.005934453406468778,0.007334296055965085,0.016521213306838974,0.027377496205150925,0.008112812648528662,0.005952026114660629,0.008607029688043536,0.005939659601724126
0.013590344730078523,0.016141753339624455,0.0020992064442425006,0.018723335643588482,0.008864331116886792,0.017991370060044212,0.018951592663048567,0.006007646607493838,0.007174334849371574,0.014520585850202068,0.024791340378575572,0.008311580529252027,0.006075594632899437,0.008840601407853647,0.0060588806165291845
0.013168083298136811,0.0161506909750574,0.002575356326090541,0.018375191760667466,0.009959894612078664,0.01729816174980079,0.020058689753247084,0.006059981802065191,0.008106796732971395,0.014753784275627646,0.03942305639736693,0.009194966824587977,0.00594883106438042,0.008945379494856008,0.005923009209958733
0.012744238111273174,0.01663736043034661,0.002565800941827726,0.017520638924250022,0.009760962254182834,0.0181223977165874,0.018488473235555875,0.005721576044600665,0.007707469106135821,0.013245268774342133,0.053216515437389686,0.008706899312812823,0.005740029198513758,0.00955965010241491,0.005711582282808326
0.012602312949877868,0.015900238263563078,0.0026093239967766605,0.01712208522136103,0.009204803645758012,0.017744465263822472,0.019499823446822894,0.005501775186253376,0.007219000123690989,0.013293360971164429,0.03385451499145909,0.008286874550216794,0.005457776677373842,0.009025383282608867,0.005435091302863998
0.01219113039873033,0.01574966506520556,0.0025900745792831444,0.016432998530267282,0.009075362238415437,0.01751178571605946,0.016683397650644218,0.005502428997836376,0.007327719353284583,0.012289490469596893,0.04467081162288569,0.008405386291505225,0.005547308704424322,0.009532892338783194,0.00556542845983038
0.013959483028528652,0.016443478789559783,0.003509611916922379,0.01773995955904236,0.01161522662609271,0.01730607865353464,0.01848596489008612,0.0066060515964600905,0.008832955813953429,0.013809406406056664,0.031422668768427295,0.009861678036546005,0.006581451714260682,0.010460537324978205,0.006601847214597044
0.013054311130099356,0.016027794890184775,0.00320108294109419,0.015689177678150007,0.012163832949711777,0.0170995407427411,0.02222031747972905,0.006383064390167405,0.008824366131092559,0.012592045013297203,0.04165181557655142,0.009634124383105073,0.006066553662791609,0.009791597125627126,0.006044020074305459
0.013511372948753774,0.016231089509692324,0.003141557493910811,0.01772790386682287,0.011396859048327124,0.01692000463207447,0.01914225071486798,0.006558575711062642,0.008909507042468954,0.013374039546730207,0.029718303284485867,0.009401220578650503,0.006463938516229399,0.009606861877916163,0.006447172944678833
0.012860274391160246,0.01567095724967127,0.0032197410073542716,0.015145374463832684,0.011842157129297568,0.016645319578636172,0.03282735886472993,0.006439629277033475,0.009122691223491965,0.012262846171115884,0.03449418667984718,0.009271191547841826,0.006005274435936846,0.00992696244435854,0.005966508424661438
0.012644582931988694,0.015484952610900377,0.003085296916714083,0.016450026184057796,0.01053614272884148,0.0164013632836576,0.022082983421872635,0.006036023545811214,0.008246187457507223,0.012763440888533255,0.02687200267066438,0.00868639834493961,0.00586383581858449,0.009446123242022623,0.005829474828381851
0.013296833593753112,0.015125729919036032,0.0029482695626049577,0.014550968670518548,0.010968626216986592,0.016383075426762757,0.024714112987700085,0.006039901628668442,0.008476693759434571,0.011782709953369466,0.030839611418411662,0.008598532175563629,0.00573627786694881,0.009432481963533267,0.00570527418582841
0.01573673705694478,0.015083260679177068,0.002826403706714585,0.015808421618554547,0.009984526093079964,0.015987530058442424,0.018278352337554305,0.005719784636978924,0.008042140538759547,0.011988208943379017,0.03559526365312093,0.008516007003382769,0.005559721241342365,0.009096171604087579,0.0055377332077056664
0.015459025470314318,0.015257552883518275,0.002732633155000142,0.014246498522528149,0.01039858076738355,0.01583537982086315,0.019603235502059908,0.005703131729724631,0.008424459571938688,0.011354428932416562,0.04377148693527852,0.008650627850407551,0.005436062220791029,0.009299102551371364,0.005426389171907381
0.014733663408663382,0.01764221357499156,0.0031684331678501322,0.016201078621910784,0.010653631787758251,0.01554511399179504,0.020730267754768484,0.005712146328505517,0.008713767708310428,0.012072550343535516,0.03544314702237573,0.009100397878543838,0.005450223505273768,0.00948822242826888,0.0054198897759304655
0.01412673948018102,0.016111472446110355,0.0032528162519729243,0.01394474765635177,0.011434589225261658,0.015373063723294757,0.018751484646584615,0.005597139034708856,0.00935679618325853,0.011668759501313002,0.03892413218940398,0.009336432234326907,0.005206795159455063,0.00996497203846668,0.005176540075301836
0.013587270356626567,0.016290434723142934,0.0031827532075383302,0.015066570384081643,0.01026790881864267,0.015108526344189424,0.018577153538635066,0.005237102707919046,0.008167726162699038,0.011563871723978492,0.03100765701391615,0.008462806961535004,0.005088986544684757,0.01047584664672455,0.005052751616877126
0.017647778151738836,0.017521413721240338,0.003875282588602782,0.016778076020399678,0.01316703879394535,0.01500997436401408,0.01858565577322684,0.009871501669780411,0.011608264065164589,0.014799926997735443,0.035901147152512636,0.011039130977182801,0.011412873280514189,0.012224796380955034,0.011248785989874055
0.0174021787584125,0.019263758455683896,0.0035308075935264003,0.01654109572762577,0.014970309497543183,0.015690186493496797,0.02323102865390527,0.010719935953649512,0.01319609021043576,0.01534664148990221,0.03542106288841148,0.012924924046449364,0.011045499831564021,0.01149735784303658,0.010752371960930329
0.019457066674985847,0.01903575126512906,0.003465824654849766,0.01830605496845069,0.015255453907273368,0.016407418442236636,0.022057810504527407,0.011813988355347504,0.013402292955938158,0.016269889204546063,0.03897425825638811,0.013498623879894124,0.013500476067524532,0.011951039819106122,0.013275367241652488
0.017863716481180264,0.018307575768568583,0.0031639602877232796,0.016017479135750717,0.015674441016855327,0.015640602153500292,0.03631487611120414,0.01268140614122042,0.014379355331238726,0.014885288554437649,0.033819882154204076,0.014180513315543639,0.012996562841343309,0.011420042864015031,0.01281513481887937
0.01728099644761586,0.017947147125478277,0.0030611560426852063,0.017473858013312103,0.015412262095496272,0.0157525275662768,0.03625468263889627,0.012197160057663177,0.014028518211747032,0.014447615810267538,0.03748257056395693,0.013617813801526928,0.013298755736505113,0.011018908985890205,0.013162250407378416
0.016950176435101733,0.01762131323953343,0.003107708198539321,0.015571178247170869,0.015315372807879883,0.015521952254617645,0.025789530701192043,0.01234630643032125,0.01414815597764248,0.015600659371331219,0.03284675002033813,0.0140534560003052,0.012592894091712001,0.011142838891653286,0.012479220978866194
0.017434188669262062,0.017444153874686813,0.003115006831270628,0.016407310822004872,0.015302499446064967,0.015285837940768921,0.027865321738914935,0.01192026908796311,0.01430688827931463,0.01482561625948981,0.03850976608319912,0.013817297394333572,0.012323048808234737,0.011324489636782538,0.012262732253210338
0.020048806897345908,0.021977425904246027,0.003006806540679401,0.017740993671351582,0.017811710451358813,0.015129721960095049,0.03173752201206434,0.01365523292108189,0.015954741705825504,0.017059401920956393,0.03642680493290471,0.016010505196880697,0.014019259307272538,0.011007928515760485,0.013966759419900124
0.019679567639453548,0.019293532221035106,0.003073782216781163,0.015767899376876195,0.018454186756925593,0.014904000791096437,0.0243502339972832,0.012656259699646968,0.016260363562395897,0.015278037681531055,0.04557790754762737,0.015954522712070197,0.012411873214254774,0.011709313681322468,0.01229318603434776
0.018521046293745583,0.019816614300053388,0.0028420600587731265,0.016519458314380387,0.01621825109012157,0.014784581940278258,0.027693122792104907,0.01159999415173577,0.01451941902272044,0.015193404584112452,0.0345421726114335,0.014847535088609002,0.011791190606742769,0.01111669140271019,0.011749523398231525
0.019776443796281233,0.031918511413463226,0.0027265384708208174,0.015033910810661457,0.01734499316284926,0.014547842770235273,0.01895885508144564,0.011358521635118066,0.015017915878189963,0.017134063712039346,0.042269668828590665,0.015234249544286656,0.011252684811446676,0.010766354809357934,0.011234581478502061
0.019816967502739594,0.026444184183921474,0.002791291208832088,0.016391913906656817,0.01584513142235944,0.0148942815013135,0.020218480549943078,0.011080903995026403,0.013952441131671354,0.01622368781332758,0.03615655322766928,0.01434806878366762,0.011039042186006858,0.011186523194179156,0.011035423431876312
0.018783690989718504,0.027488771583213337,0.002705483067392434,0.015304404588519083,0.017124362281127556,0.014385612007304554,0.018588514424969112,0.010772633640716092,0.014979161554826174,0.020140396011216352,0.047087183924671976,0.014826939105668022,0.010523648154404555,0.010595592102225269,0.01050512806155783
0.020049170014019367,0.028461373398814178,0.0025933740456860837,0.016425928664391763,0.017395236123582642,0.027379219705010636,0.017544778737184318,0.011455324763803326,0.014870036563159116,0.01885766791371156,0.03596786695928718,0.015108273471445648,0.011500890263251682,0.010627513901856733,0.011515786026450515
0.0235077115573482,0.028433726748779472,0.0024861593799260758,0.015553728985108504,0.020637190148972525,0.02072750201442982,0.023122508216383397,0.011756538051662229,0.017111903880706082,0.021544198929138333,0.05266347775471851,0.017812685306417157,0.01111051189638708,0.010138911146583367,0.011122516546778207
0.02137208906200192,0.027664268986560353,0.0024172885473693413,0.0169419584669454,0.019411006555403777,0.02608841282055343,0.02108799767925691,0.011369780340758402,0.015942633081279335,0.018788141607562057,0.044659099797348605,0.016490991513087704,0.011265920143117576,0.010326739484683855,0.011235262683552598
0.020581198117470736,0.026761359153180994,0.002369784153056546,0.014930537069064704,0.018237796778875767,0.022867810776477912,0.019308586579671702,0.011636804938912136,0.015477917455524095,0.019108428221077153,0.043411619044908444,0.015779517152089504,0.011321918010058012,0.010057672743905685,0.011335624721769641
0.02018236391203336,0.025668826343708675,0.0022759046978677307,0.0163088956636682,0.018926510337701707,0.02397483237534967,0.02565338569578454,0.012339658085331646,0.01647039178929518,0.01864690374971669,0.03848087096284899,0.01642879065536412,0.012557788960640592,0.009737942756046121,0.01257380760630629
0.019454823529991217,0.02498450059442119,0.0021856448182891687,0.015920712888108302,0.01828812140762592,0.022684960955027873,0.024901704272702833,0.012287442015164905,0.016342917031768944,0.01881618103618589,0.040419623257821786,0.016058717260132215,0.01184548316647755,0.00948218908598759,0.011826991385576796
0.018283641317853788,0.024254978968646243,0.0021538203193959375,0.015385151244911124,0.01681758931126299,0.023373765318987324,0.02128746513606334,0.01115782515571349,0.014963320044047301,0.016951017870576644,0.03217120919330854,0.014777866186521599,0.010970685487908593,0.00947404750575053,0.010961232514109383
0.01884537608854396,0.02359707062941323,0.0020424466679770017,0.01514206648856757,0.017123797660778768,0.022711792602515816,0.022861166395639815,0.011464172747838975,0.015080432413458236,0.018288462530794244,0.03518473511275208,0.014952751277249002,0.011506563034722455,0.009096034204935368,0.011551723127987667
0.01767247790194053,0.022806558826660304,0.0019535266081718385,0.014929200191953153,0.016440905070633262,0.02247581202308757,0.02811878610964823,0.010531396245523407,0.014166039048623966,0.016321465119231927,0.03327236935863091,0.014030417429427448,0.010317307425931802,0.008877615878491896,0.010310166137828402
0.016801228570340474,0.021967882341865218,0.00223308083504008,0.014367625975108387,0.015215997951970312,0.02197710964264443,0.018431153045709484,0.009545216715885601,0.0129777514280973,0.015957398699334754,0.03168135539992478,0.012997103307076676,0.009435922930695952,0.0091288132368974,0.009459453879787133
0.016189710747924344,0.02160704420459712,0.002207164114945234,0.014207993324721009,0.014400013591971383,0.021633341471057683,0.0212243589742313,0.008899099828102506,0.012227690776296419,0.01481398446910475,0.029437172068329902,0.012168140478164327,0.008765296862737798,0.009014657626485529,0.008799484976935503
0.015467902900576728,0.020677981320823154,0.0021209465158326672,0.014161781275416722,0.01367077912608559,0.021214249540206235,0.017204877002336087,0.008362288304615238,0.011551939100032087,0.01489594070828041,0.028454163917435354,0.01163637506406109,0.008172632207649118,0.008683620074813303,0.008227165515068708
0.01686130013373294,0.02011839938516205,0.003186050317283935,0.013570662873544808,0.013005171616401799,0.02124090929348895,0.023692170761884616,0.008205947447167754,0.01135183087955561,0.01382139816157089,0.026754457289127277,0.011333550919064812,0.007824763996200145,0.011378236983288745,0.007919480203980304
0.0163960026205077,0.01968501373710486,0.002854601863220492,0.013583985278321352,0.012987942075650256,0.0211258632568011,0.016039311688647282,0.0077120810676780775,0.011645502831629694,0.015204417173677048,0.02810800793784425,0.011756731895853571,0.00722767916352077,0.010353469625557854,0.00730382802233337
0.018492955506446668,0.023929406695344345,0.0031015623988068343,0.02135979536658134,0.01807123045807366,0.021393419018010708,0.021066556136983536,0.010919166046556688,0.016573213584586955,0.02058679213178023,0.032763860367933856,0.016023051904543326,0.011162850364665031,0.010255917055944655,0.011245137062763956
0.01811301234319283,0.021386398126391745,0.002798297852429919,0.014170632519904993,0.018249360321355833,0.02067894679721253,0.031164479435607174,0.01069571396810885,0.01688307623284062,0.01844817236209405,0.03729481190071508,0.015711037348833695,0.009793966352554704,0.009848787800907853,0.009752705688475426
0.01706747026563023,0.02354879110683309,0.002959532822342832,0.019254755340117186,0.016085591751344122,0.02046820065387056,0.024958280598918137,0.00932157203483645,0.014704194397030556,0.017851601746941895,0.030812189431517756,0.014343723366689789,0.009289535884751524,0.009737842297685805,0.009260444089713464
0.01622451638835349,0.02148572333045679,0.0026642267954921366,0.014761464986223365,0.016316057770903926,0.019995808136003893,0.02230511240709118,0.009091378776421188,0.014980558878851677,0.01601568717193763,0.035070669356210775,0.01413662125490164,0.008499612452634246,0.009366233932490605,0.008475484914327387
0.016325963072560897,0.021244712967237813,0.0027313538388883747,0.017674819964809015,0.014581430515463763,0.01975875447863097,0.021081090978178323,0.008533158879361114,0.013118343599595668,0.015568720297015165,0.026946707149216053,0.01327760052866813,0.008613020834204815,0.009253491513311096,0.008551611511625541
0.015364627920077993,0.02030796223706509,0.002453847069377348,0.014956666952551802,0.014885839335402657,0.020296115364451296,0.021798362680768138,0.00838882554316806,0.013538912838190949,0.014616925391609201,0.030059698818687797,0.01323247980101597,0.007876084318467817,0.00895655665161218,0.007824214810794776
0.016424350679640338,0.024185129458350538,0.002500897955850714,0.017946542705509935,0.016340108856912318,0.02039478442620942,0.018021488512801682,0.01000340976931146,0.015131294375216025,0.022023162552942253,0.028791926471761143,0.014852715496618166,0.009761500640742066,0.009020740039344105,0.009771370729349287
0.015331649918691157,0.021461894477357513,0.0030334331613240924,0.01473954712116063,0.017324315165319147,0.020552749359226512,0.0228704076005848,0.00990239209805494,0.015919067811983146,0.01964767467372661,0.03581535348090093,0.015120761069514675,0.008686718115932959,0.00968154253454046,0.008617814114832506
0.016415698174781595,0.024139647217379503,0.003650025142299816,0.018914391520850157,0.017454462346299833,0.02004448691521844,0.022681380830430285,0.011181010754551286,0.015356196614042566,0.02171475099656106,0.028422401149730638,0.01590462782031092,0.011513303685052642,0.009986689565595475,0.011484355135917858
0.01722565417065061,0.023429485603153215,0.0034284346346339103,0.01482578636161347,0.018856212657309156,0.019876445282555708,0.03493467715068548,0.011937220136578384,0.016881528787709047,0.018586984190912193,0.03682660859185274,0.01673178470401739,0.011276713220333953,0.0096825466894771,0.011200049549514477
0.01659534149562839,0.024665376431347842,0.0033081724293981345,0.017989156840378585,0.016659814012031957,0.019525370327632276,0.01929497277165782,0.011254041414930405,0.014763405649759288,0.018697690296537384,0.031789990021203765,0.015157066720113173,0.011488598362857117,0.009499596805922172,0.011432739778190365
0.01653739084262637,0.024686941718499084,0.00330569476305001,0.016703329335809466,0.01887432871207057,0.019170375421097743,0.0274870590292005,0.013850892689305085,0.018666698150451137,0.017915239345191975,0.0369497354713499,0.018383245919033914,0.01374509054794571,0.009749219267622322,0.013738291367248589
0.015732922410208974,0.023778934528338763,0.0031830517135286525,0.01675634618914635,0.017059475465028177,0.019051282778537057,0.03525719651180197,0.012666206622000787,0.01723193620835537,0.01724062002641072,0.031583017042509966,0.016904252389750015,0.012202300668091175,0.00956777076677911,0.012096491880112357
0.015689702987424153,0.02341660329490427,0.0030117249867921466,0.01918367618596661,0.019317358883881842,0.018630581905368468,0.025780825169655772,0.012671287112253222,0.018065189703199525,0.018927226520575383,0.03387238557605331,0.017920282768574193,0.01253429973493713,0.009209051364892308,0.012502133832880857
0.014845608239771973,0.026064568431406587,0.0035110710779195013,0.017192575754464562,0.01834352455991001,0.01844590202023619,0.03187601126719894,0.011866451152201559,0.017402301014319742,0.020060647683941283,0.0349883263459632,0.017025233741087577,0.011279421929989118,0.009570144838411052,0.01119487844824426
0.014337382611653609,0.02539548012960136,0.003382908891987855,0.017733194703160468,0.017023676667615627,0.018102390309941797,0.023990227136646346,0.010751312691093848,0.015651039183363157,0.01855649927883256,0.031755682185136684,0.015768852356331117,0.010586127819680567,0.01047985275986772,0.010563986896747394
0.02693020466995878,0.026294993009748805,0.0032649230066613332,0.019837341504140737,0.02006566490566364,0.019526491703052686,0.023238804267369316,0.014235616450478685,0.01995457217642465,0.020152878581641626,0.03589741305972867,0.018432674560011072,0.014140331990015657,0.00980457592359161,0.014077813140959133
0.02453495892529691,0.028381245981162442,0.0030202186814360576,0.01759257692120458,0.021977865366474784,0.018231891759066376,0.026726880454828284,0.015358488683918642,0.02194699098831672,0.018143127860920354,0.0366889520122986,0.02048906002419899,0.014432426011859819,0.009652737542360205,0.014371389680562181
0.023317919019952744,0.026112582599510426,0.0029036879258115163,0.019136792124443032,0.0204754136728583,0.018613304303486414,0.03233757123763846,0.014080590477031484,0.020346752130183044,0.0177432401452102,0.041747604380648964,0.019363538588040987,0.013159829621098094,0.009319156655233373,0.013059764403233238
0.02181017331491229,0.02610334854637618,0.002724742648250953,0.030338072968865256,0.019614524607658536,0.018032719822359693,0.024213243703960677,0.013124230939202333,0.018837992371712037,0.016828009983152155,0.03129541804282934,0.017639601840951827,0.012501475336723229,0.009053341463458878,0.012427827537003921
0.02148043856441782,0.02790562597292877,0.003047888098302781,0.023086254665701213,0.02410798120849604,0.018874213404593637,0.08903383723162409,0.015938601353572442,0.0230575375816814,0.022334715210664817,0.03874795073640283,0.022438609739183504,0.015619410738962246,0.009024450574703708,0.015543881940518532
0.0200011525006752,0.02601138427114579,0.003590038329171841,0.02710940141814306,0.02407193052937438,0.018125784872538634,0.21801736734139268,0.015336214729400454,0.023561071427044524,0.019897427449840268,0.036585950451399125,0.02205480375507997,0.013775206794052575,0.009655632823752303,0.013590108375849954
0.019000769767766233,0.0253580428721438,0.0033354351700036022,0.02434519380004146,0.021138522242743072,0.018069638012007855,0.07860169863553096,0.0134027402048564,0.020463951655153433,0.02057673142323414,0.03278555212185575,0.019669472491622014,0.012656918741699637,0.00909679006774421,0.012561490742883801
0.018842401668414343,0.02505995137703004,0.0034027000426957404,0.024681763161756617,0.021235251685974846,0.018040575251504546,0.1383791313369611,0.013085298929141674,0.020436566163734685,0.018356796561388188,0.03137050018198261,0.01925758650709674,0.01184866433964102,0.00905642366896638,0.01176031242348395
0.017774756457163473,0.024430815189581474,0.0031345699621566202,0.02315941117182112,0.020168056950801407,0.017834610978533935,0.06307403453433219,0.012593860449549138,0.01872261279282671,0.01952324528096837,0.032855273542429356,0.01848491335198627,0.01226781794567629,0.00870395935536724,0.012233632030199747
0.019063685286974573,0.02602461952742601,0.00451526261643106,0.023963544792228744,0.021821343516315362,0.017898383462640777,0.09299253156647092,0.014172766226920756,0.02015975017735681,0.020513794193664087,0.03854459695282551,0.019819039339033652,0.01378027416668989,0.009613441756140827,0.013654385893659709
0.019170083239903036,0.026220721979869563,0.0046032624249123626,0.024474651472914912,0.022839920317804862,0.01789152168138237,0.048424401154230294,0.015601871420800585,0.02126105167430029,0.021413622826509656,0.039168835863690965,0.02154031690014071,0.015244957495854954,0.009944227400442703,0.015213429640674873
0.017899119682367227,0.024770430648648617,0.004881032435032779,0.02244329909512854,0.022682213328745423,0.017424144893499506,0.06414640323071083,0.014688139736841617,0.021168417419648172,0.019186437050931527,0.04700754166905579,0.020788601860167632,0.013615588795259901,0.010098098762637875,0.013507292808140487
0.018588386757495804,0.027313695311828083,0.004475378698537591,0.022543450937460897,0.021415704736451845,0.019361564576579296,0.0354544262503167,0.01417580623959719,0.019380448664965372,0.01941038751375916,0.04036158384216297,0.02002283018069592,0.01401618169555525,0.01016293423722299,0.013981155945466485
0.017264862489119084,0.02501052586032622,0.00434686112240463,0.02100343813407378,0.02166398140154062,0.017867352132558002,0.042476400882071524,0.01346239967302903,0.019587014690734306,0.017362282347787923,0.05289124445708257,0.019604783963363244,0.012464531146764806,0.009844223616889365,0.012384715879354961
0.01834219350927142,0.026796140599378647,0.004011170507943783,0.024982293649508186,0.02226809308474715,0.0188316098599439,0.031834131009529136,0.014808103876669339,0.01977089441628502,0.02047035034579721,0.04043834666806544,0.02026815552099811,0.015027594344254927,0.009724715065660295,0.015024109336982807
0.017376200917235133,0.0245648927236759,0.003907265101179078,0.020970120076352808,0.023582568646991618,0.017831430764250665,0.04112392396024716,0.01483769693561088,0.020958474835699206,0.018229573196898247,0.05639602139422733,0.020692887497472258,0.013574256389929634,0.009804616192879706,0.013457473478761368
0.01786781756911797,0.024184161845650802,0.0035670577362737097,0.022726094009978725,0.020149412738405644,0.01795933613063192,0.02508968360617545,0.013503937753288429,0.018259433641676533,0.01786315938180265,0.03768757102332645,0.01819620073575541,0.013336414486056053,0.009387615008512712,0.013335495262994044
0.019271829593566617,0.024245719631849058,0.003915895627858776,0.020765714979374978,0.022287873637270653,0.017448732958887356,0.03127100144551536,0.015044559568943693,0.020972061177124225,0.01898142963537229,0.047091245779961245,0.020374112081346096,0.014501883446349782,0.00992636606238466,0.014579397084517358
0.018522689864918066,0.02428571374922019,0.0036012831208724772,0.024860379899341412,0.023749303154766473,0.017831098739077088,0.02661518957605603,0.014585051332724397,0.021763829903917828,0.025502668523770682,0.040647421668097046,0.02161805411132244,0.01425923836077024,0.00936992158563004,0.01433708358101007
0.01793272134556658,0.023301925141543924,0.003511123028460022,0.020347992121647472,0.02426456105577276,0.018616703149684652,0.03871517079224724,0.015879677115148497,0.02217516762417919,0.022070100075192268,0.04527706333335203,0.021503192367854078,0.015742894050128336,0.009103988826190831,0.01576857332672734
0.01688929247547684,0.022470727382308545,0.0041144429885394814,0.022517589830771755,0.020771192046460333,0.017731590765261516,0.02310124514145032,0.014529831362175071,0.01910855216086622,0.021625727218525796,0.03405061705704237,0.019021113753653826,0.013984668995719601,0.010778304765249925,0.013936722076299906
0.01671671342742948,0.02401803041707901,0.0042308950599744,0.019467248295131082,0.02160870195298459,0.01775589491713414,0.02788760265705701,0.0144474352973633,0.01952995122484221,0.01956874967047558,0.0386240433081776,0.019097409578415218,0.014548095757219768,0.010460508643656004,0.014527272036377109
0.017085478876195725,0.023702046394460795,0.005986950490129788,0.020574230910892458,0.020019066203933625,0.01776380387501688,0.03230793240977034,0.014953376634753247,0.017921433087101434,0.019913104950768253,0.03494801793569405,0.018105055633820744,0.014993603484895656,0.014203654648531827,0.014956421685300753
0.01603799279112858,0.023016702719086436,0.005555739276036606,0.018444766739409302,0.020578208278156786,0.017719722991237388,0.02707340199985774,0.013815634003927943,0.018208558241227715,0.01851952782594785,0.034976760186651586,0.018037240617453792,0.01359809630647008,0.01305324041358602,0.013535155298029669
0.016877059832890933,0.023966178571790415,0.005526874289747107,0.019742583608447776,0.01957688722728089,0.017644597962570608,0.02922463037822982,0.01316420154282403,0.017530963299597455,0.01959304419204653,0.033037407575744714,0.017316422606501524,0.012916968927997246,0.013619559025030113,0.012894972799099211
0.01808141294085422,0.026809396064770306,0.005284882211096118,0.0233100907762153,0.023768429609424362,0.017278614964346958,0.02923298889232705,0.0172201171283453,0.022650818362428354,0.02298536522847412,0.039609624820334505,0.02136745390923373,0.0178301250476711,0.013011251995739031,0.01790596755944991
0.017375428000696722,0.024319553620699468,0.005355049604804426,0.018972400483561355,0.02277703924352529,0.017128340781539585,0.050932940990628346,0.016818168539269686,0.022348744526231142,0.021111627919710784,0.04317602778705378,0.020591950827228107,0.015923186548246673,0.012859017204654748,0.015811329338781016
0.020111197381784164,0.02656657955247481,0.004954629752254154,0.026993964624547985,0.024698520696550926,0.016928779623606303,0.02842580756157723,0.01773131071150284,0.023294757129878572,0.025846960062449926,0.037373531683244206,0.021889189163726952,0.018288743758539783,0.012597270702213916,0.018274894934392934
0.020910955624662813,0.02484568961442284,0.005151045897052128,0.019117515674177223,0.025453341193715832,0.016811172632816902,0.04447254295795652,0.01728837924502298,0.023983612026716283,0.02262678704364447,0.045269694396240005,0.02196032267427937,0.016204399328458585,0.012754643637626174,0.016071391930388448
0.021342271074063803,0.024916028484029226,0.004656466493829514,0.025124649168157803,0.023453621832642796,0.016448191060554968,0.027932521030597127,0.01574772687389897,0.021304076856925782,0.023346041740355997,0.03323383889443121,0.020565275757241944,0.015849161569105232,0.01214140959840736,0.015823520439065986
0.02212712725260966,0.024340503938889996,0.005640419729167071,0.02177604201830425,0.02493261031318555,0.016371428164482265,0.040727884657386235,0.015686945734518648,0.02282453957846992,0.02088891316751589,0.040265265037170435,0.021499096563549192,0.014570153223893809,0.013545062577762836,0.014522161753541929
0.022594248904157878,0.02700918501291554,0.005019441101336583,0.024430840946769446,0.024394641749028195,0.016887065863536773,0.023610604485802465,0.015891860767062577,0.022349681182823305,0.02458485060861819,0.03851083717172419,0.02172138550827238,0.016010188617179816,0.012579040116538116,0.01601845000451503
0.022931311931208356,0.02553958439627943,0.004970629859249488,0.0231776577994816,0.026919294193255207,0.016194618059647784,0.037261018392953156,0.01775045097797165,0.0256405407751789,0.022801850868472435,0.04841484352095403,0.0246760811910677,0.01688593182288691,0.012524873706581629,0.01690571813498952
0.02124839874100004,0.02485788416670181,0.004417843068665545,0.02248586759431015,0.024974653027652626,0.01779246105057549,0.04583859730219302,0.01634386791997674,0.02329112400319336,0.021901427451341965,0.0415831720278069,0.02284235550886178,0.015813523005051993,0.012130014358956238,0.01574795306188814
0.0211528861049494,0.024041652654925815,0.004464978344343436,0.022138989323020733,0.02429803597167337,0.016554864306927916,0.032502866084661665,0.015874606714102516,0.023322275524450556,0.02031974157703276,0.042871133519039456,0.02223966972688409,0.014862912774848858,0.012159656176686856,0.014849455523610767
0.01978542239127164,0.023289062048262768,0.005461885506749655,0.020831632605197364,0.022707821449626006,0.016866294190514993,0.042143343488614836,0.014097840163114208,0.021346138910392692,0.019379812736698362,0.04371533069531778,0.02057057866266756,0.013339069055223323,0.01340003563818301,0.013318003733673056
0.019854545534497104,0.02290498314221483,0.005139891680382089,0.022433598714986985,0.02153452103538349,0.01678882701546533,0.030184026442241333,0.013745865001874802,0.02072451525674663,0.01842149195357735,0.035330874796514936,0.019927815026967957,0.012953607956119044,0.013010169700052875,0.012961066430388149
0.018608458320116095,0.02296655877528758,0.005094596970729042,0.020081249870432884,0.02115350832095992,0.01643497422005946,0.03304553266812388,0.01359236962437101,0.020050791632791,0.01838832671134295,0.03748544579343085,0.019474297960893443,0.01310948644736844,0.013947203016776029,0.013122587712506526
0.019098979880765646,0.025934309996234754,0.004718937072847371,0.02205217262434607,0.021502148917049727,0.016428689674085558,0.02582739553316217,0.013795124197404638,0.01956128320512538,0.01754805113121708,0.04232873252353898,0.019307879349768405,0.01325319827965365,0.013243173280014507,0.013215579809805342
0.017737049134833236,0.023360118543258673,0.005526027833806595,0.018980796572435024,0.02070948236991141,0.01604451567843828,0.03039262848818904,0.012613270029119788,0.01832357157074925,0.01653441996093815,0.050536558236419955,0.018229683172400694,0.011979940332668875,0.013385281915501703,0.01194010707585433
0.016934337577139656,0.02320814732058204,0.005066600169851542,0.02015202545653073,0.018877377270275938,0.015971354695144074,0.02110188268236696,0.011779876819723988,0.017422701964882006,0.017419019711310088,0.03598448090151211,0.01715114856370205,0.011208161371655832,0.012933390089328369,0.011177269473171292
0.01717189612512521,0.022398990023898318,0.005140951331792272,0.018047997237856276,0.0192382421042167,0.015905778270954105,0.023291574279287183,0.011753131111126405,0.01771894110379415,0.016775315317048175,0.04122355350257417,0.017320695328502965,0.011307767124959138,0.01260141081760724,0.011358105100887937
0.016332485988728614,0.02236140122283617,0.004686245104644821,0.018632954050090866,0.018418761933140442,0.015586042553399522,0.02578625762958079,0.011133181032573406,0.016759056539180774,0.01595301274056196,0.03244525385110684,0.016334401156840973,0.010622057887981073,0.012279247733070618,0.010644834450460999
0.0169833456649525,0.021267989371946266,0.004547253461030767,0.018606601319540502,0.018642195748360336,0.01571916222178729,0.02051098540878342,0.01204748843738654,0.016687664571467534,0.016537241299906583,0.037993187272571366,0.01613897853976161,0.012036857873462956,0.011789676710193531,0.012086798225652255
0.01587868029886085,0.020746541811803677,0.004190073723543128,0.017613164724066502,0.01724450950167046,0.01604346709295522,0.025955215773424026,0.011335323642806731,0.015511127208648097,0.015260014729904132,0.029730460416286367,0.014840407074250564,0.010714721883134165,0.011402187037618026,0.010687101299040212
0.017051695551193524,0.02029016035214098,0.004051467541999395,0.018566884755251416,0.01758287234621442,0.015536964695723656,0.02155189580097062,0.01062500356214654,0.015592404257611983,0.01589609060276842,0.0338940204225806,0.015438351511639643,0.010362112144518456,0.011145073104069807,0.010371012739749103
0.017384188739862996,0.022659453978080904,0.005227791054638228,0.017806163231342508,0.018809790333084976,0.015453267706381467,0.033620944037240676,0.011649399517090457,0.016656436254813497,0.015476061717757056,0.031803762199519324,0.0168103597556902,0.011106056208770358,0.012556256767477188,0.011061400276978802
0.017749934357778396,0.02178925193305614,0.0048914056874089056,0.020312596525549086,0.020377612761920894,0.01834976382423227,0.022047999760875542,0.011655110703850306,0.01807083296948626,0.02076047293449182,0.04203922270018976,0.017787334975042274,0.011036131395345967,0.011873742502959549,0.011010179511314975
0.01658079829654945,0.02104047682742776,0.00473782591911573,0.017162173150046846,0.019473581391690777,0.016459526429771273,0.035306423641801775,0.010917517475199317,0.0175000054505927,0.01801384083214944,0.039207646293086776,0.016653092541521263,0.010119699124038975,0.011680186185581903,0.010081508916975217
0.016523509303695092,0.022400706031509007,0.004768174888356459,0.0199134121008776,0.01862345494180367,0.01722541410850319,0.0187105311469915,0.009952786124692891,0.016030965022264906,0.01883545797356058,0.03747335601705296,0.016056693578247672,0.009357676744222443,0.011609430899723666,0.009324439898806422
0.0182753912291666,0.021142032259452947,0.004800497454991212,0.020626958946011048,0.020017391957808158,0.01655021646636627,0.025082376260170767,0.012011675354794235,0.018416631198160578,0.022725101024853925,0.04207604102554686,0.01765019061075257,0.011680897448140222,0.011997810452570794,0.011779534849798028
0.017168555832660703,0.020710466303549103,0.004562871856647607,0.018975163535621533,0.01867951058896462,0.01652788254299683,0.025183825664248368,0.011499694028845996,0.017331627616878394,0.020971039677751317,0.040359114955539226,0.01662598033301453,0.010503856340581107,0.011347614909684185,0.010485262504859712
0.017159422860151367,0.020236391156430732,0.004323770677384373,0.019845000245473584,0.018261998428535268,0.016748991394198054,0.02057754762917404,0.011009971086915715,0.01685465313188878,0.020838605422777313,0.036726276584455354,0.016586269191534473,0.010668098382747704,0.010989438563310987,0.010674747025367044
0.019619870617137783,0.022432628172154582,0.00473612465600921,0.020019315189821887,0.019707997072038602,0.016235230017180597,0.019928081534621757,0.011863511958231092,0.018116744535796942,0.021679514921674494,0.03787859306624393,0.018008102734991965,0.01125086764661414,0.012072812065656548,0.011183380367810723
0.017906773273781887,0.02153668692494037,0.00452191048992396,0.018686012576426277,0.018882970877087315,0.016337463321182202,0.02311410068681744,0.010737294043714894,0.01690480995484385,0.019767296822156874,0.037379941684861834,0.016718215731038457,0.010082987167732472,0.011348631076346854,0.009998080346016392
0.01769385370115895,0.021596495235189778,0.004857294125902089,0.01948986668571871,0.018240460730080673,0.01597432426593711,0.018563154616400915,0.011557981301613791,0.01704136220896759,0.019423209750368483,0.033132599229577626,0.01703615763776439,0.011374198160985173,0.01120457561444121,0.011319434940236697
0.016613096511599323,0.020507239485673807,0.0049464133084590215,0.018503032072803214,0.018193617275172106,0.01618752432488904,0.035730172342776874,0.010926555823104346,0.017164717975773312,0.017666898467957375,0.03348863154044237,0.01716616702450276,0.010134318567493783,0.012159463922445863,0.01002412844167604
0.015993369528009876,0.020235668664569637,0.005052559569687091,0.020363084560940457,0.018337790914794014,0.01596270310286453,0.06242872962534837,0.011637690243712093,0.01696051520040574,0.018536727918508883,0.03724480195461407,0.017466144955910964,0.011639354804806662,0.011566272681174375,0.011588657868851692
0.01842651322425524,0.0197607883626848,0.004670277858335685,0.023302342491469265,0.020560989759951336,0.01831517699130812,0.05356085376540632,0.015989354157089474,0.019794148605812346,0.019261414469047545,0.041740250929344296,0.01936974751716185,0.01629637668402943,0.011312616425161548,0.01624549463027403
0.016921953335051285,0.01905451724247043,0.004963671888000936,0.021648156223901018,0.01978510379075075,0.017398309544613518,0.044006207478229975,0.015151678134212133,0.01914277231400569,0.019808916216120444,0.03533972014753514,0.018481008930843576,0.014344190423532986,0.011218653903035171,0.014120929260605897
0.021359943058506907,0.024836840566162324,0.0045907453477280515,0.025181505287432186,0.02292223987892367,0.01758905429187214,0.03814085365565791,0.017950824507712352,0.02293046222152476,0.023373034446666673,0.0389151156751062,0.022032271025703355,0.01863290967199739,0.011102289949349356,0.01849898605189922
0.019111837972205087,0.021399494465095165,0.004560700434506952,0.02464115928855108,0.02227725897056714,0.017102580706344614,0.039041377697367735,0.0173574722283827,0.023118620252478333,0.02701282034383214,0.0404568199694705,0.021424128520078637,0.01621727444397844,0.011250451154515013,0.01592314543925692
0.02368657423541289,0.024272275736561273,0.004146474550227736,0.026368531410820233,0.024563284052017634,0.019510280258199904,0.05774125512731632,0.017765079039090657,0.02316949603849524,0.025320317809991416,0.03885597595190438,0.022167476249964176,0.018135306808346446,0.010703356614204448,0.01798788812380318
0.02511886415715595,0.026444581230110717,0.004716470312627471,0.026801178304446796,0.028822884966378068,0.018268008259494515,0.11787103156022173,0.023487013645345254,0.029321359018438405,0.028814417070970575,0.048533231640183944,0.027630016032755136,0.023243069124417152,0.011009200878962101,0.023096650595253277
0.023011159429393517,0.027096088430524894,0.004622202339399568,0.025448471085704787,0.027057744180316402,0.018604750624058242,0.05218832244535521,0.02155822593138587,0.027234847932855303,0.02653099066546656,0.04578020724969661,0.02610982071042947,0.020353454961189402,0.01158649305876188,0.020049744616923163
0.02189476112307904,0.025369621993822394,0.004506185976926096,0.024642683151760852,0.02563027886177898,0.017983768180971697,0.08134081263807286,0.019144023159172727,0.025081510563755724,0.02536704617874329,0.044413974539798166,0.023903345725032846,0.018471545814491223,0.011082739257737418,0.018287944626609463
0.024566600334838408,0.02744060986043939,0.004697176753319607,0.027393098255801197,0.02584010581928179,0.018612154802736643,0.04139982095330808,0.020833817943208648,0.02558758953526257,0.024785657682604923,0.03826719684096106,0.024760515861531274,0.02090078197251388,0.010806920899610382,0.02080883230360658
0.030335144681939416,0.028573936145913234,0.005721705382442806,0.028940756982965058,0.03084609979322574,0.017926891892816862,0.06576935147355219,0.02466199794582137,0.031137456843591472,0.02871025554961941,0.044844043479630794,0.029959798223253942,0.02452221229017962,0.013107442621286497,0.024322331865484176
0.026965634810376296,0.026435282397390868,0.005391366957732608,0.025589384839747466,0.0296149032033761,0.01813780059998086,0.059092285577142745,0.02296509401745945,0.030414210524306182,0.025244280976917888,0.04715490341492267,0.0288748806722346,0.021672947177548384,0.012715212160289374,0.02138199983958373
0.028408429396301605,0.027813263463140007,0.005407827656113353,0.02822406008386523,0.030326106018030395,0.01872021424812732,0.04732902929333239,0.02423949000135832,0.031173838835910957,0.028326500922569196,0.0463168436771724,0.029442797197878318,0.02443785363021839,0.01245286287364183,0.024430709486152512
0.026292821518047772,0.027601596652509698,0.00499960433163054,0.024610446120518548,0.030148894211747473,0.01818777392946202,0.047187967694658266,0.023049044279715093,0.03136616738114614,0.02504544823053558,0.058748182322865515,0.028822528574627016,0.021386476744950474,0.01219806666709724,0.02121809596489731
0.03126284850362459,0.02749057521546967,0.004945699515337945,0.025737857476112288,0.02883943911860937,0.017993811768616516,0.0351791746175076,0.02079873084150041,0.028761408569306396,0.027617841974376497,0.04364582110884879,0.027377049020491366,0.020681911209021953,0.01290683172895242,0.02068942148593732
0.029588684509821425,0.026008830789538296,0.004536877944771062,0.023065027353654025,0.02874785575679553,0.01805165945003463,0.04542998234802063,0.0199454969657069,0.02918765517418829,0.024872936470950985,0.054004297847860115,0.02680761615770054,0.018379391851713688,0.012133440592412205,0.018338901920939326
0.029522053689092647,0.026692082442372582,0.004574050685043474,0.02534192702780754,0.02747694383418382,0.017542917533036297,0.02936598286073346,0.01925324768518686,0.027264229981240465,0.025270132287028013,0.04521237871390857,0.026238029477666343,0.01933004170018856,0.012500513780163066,0.019313088863664375
0.027430749611588444,0.025153959363486644,0.004175426300072749,0.022302627585756057,0.028245867948526723,0.01835727210769743,0.03996636981136441,0.01872976403626212,0.028413788902309833,0.0218761950305621,0.05791941841833003,0.026415748306769907,0.017193550742616037,0.01182072069890762,0.017082859570440024
0.0269474415327552,0.027945632603873234,0.004586993459575592,0.023806706360136244,0.02545152619888935,0.017481296889735046,0.02325333383311564,0.01738065565285884,0.02488799316025168,0.02245096484791236,0.04105151717928937,0.02417844263358025,0.017718780622600717,0.011949979513950486,0.01759550251750841
0.032490200163959156,0.03324626754882898,0.0043674009329765315,0.02542582923204169,0.03074959834461004,0.018271698790711773,0.0316515014274657,0.02383726391419749,0.03115147483250681,0.026626561960068126,0.05453673483172325,0.030139400185691785,0.024225362067291704,0.0128783375941023,0.023981176943176002
0.030316615061783066,0.03278208868726312,0.004269827673835267,0.022839277357599413,0.028513443136406736,0.01896090047754171,0.04178880998636724,0.022163230801759543,0.02868156601431973,0.023850578392695398,0.0467279834038875,0.027902976720181983,0.02120460099824443,0.01206581832693664,0.02081493259724454
0.02834263977341629,0.030990690382422616,0.004014970245643053,0.023745283959205558,0.02629670393942469,0.02064907403802568,0.024287193678316804,0.019450865741006674,0.026285191914589393,0.022414097230088165,0.04429177627619344,0.02543504163724721,0.01918015641584415,0.012130106074136176,0.01893133350868471
0.02953336386602195,0.03173346274211147,0.004070650795971774,0.022731473357478434,0.025024042397546235,0.01935667865960088,0.028998675405277372,0.019352992871841855,0.025166041346678592,0.023245978966830384,0.0399017461896172,0.024117639129926302,0.018827966207437537,0.012490469951144915,0.018710492888513702
0.027875275609202606,0.02952880113466259,0.004694932006998672,0.02849884588102973,0.025014358282979567,0.019658652159176393,0.03072473498416822,0.01779070364590817,0.024898262157696152,0.021159465018494982,0.03870653052408015,0.023547165986966753,0.017156278523108123,0.013081784984309468,0.01698169413478709
0.025979396173123507,0.028924531680386126,0.0045592087827724,0.02188319155237479,0.023926823701956215,0.018952817449354006,0.0601534722054305,0.016447210594989242,0.023501062576348222,0.02010703112857248,0.041208538293433766,0.02241670305931441,0.015802370307707068,0.012364104763653721,0.015645087501504035
0.025404270278410433,0.029612280830015072,0.004302270196049638,0.026278220023930588,0.023389549299742764,0.019384185131950307,0.029780991787644148,0.01658176131667525,0.023309485820750986,0.01884048927245202,0.040112425406441485,0.022439701967193124,0.01643163871726099,0.01201478597056347,0.016331837804842562
0.027110148724510685,0.033232434004977975,0.004129026804718808,0.025279434360888926,0.025152388618117,0.01996869990007276,0.048245520082798275,0.017945092344140146,0.02512008703412315,0.020200693487902443,0.041872713866345654,0.02395121922569143,0.01782035807427219,0.011548672309594301,0.017879712222649623
0.02477442198938514,0.02984814944360013,0.004404351873963533,0.02450035105252117,0.023827763220221853,0.02063276372115029,0.0268694259071997,0.0165628982122399,0.023579784808851215,0.018202285513671493,0.03950537243809561,0.022168152758354157,0.01599905082964037,0.01271283090093267,0.015957781653069755
0.023355994398957677,0.029703139125304395,0.004372769641907212,0.023271188947253094,0.021743184542842967,0.019797218376631842,0.03269528380007481,0.015101383532473462,0.021397489007771213,0.017447765091222523,0.03522954256498137,0.020444886771490225,0.014970886271324662,0.011844358801617496,0.015027574935028341
0.02245672684044664,0.0279884166096097,0.004120856192881237,0.025091866881581895,0.022603419807577966,0.02090572464382292,0.03139167718644086,0.015628499289371486,0.022506395307051074,0.01603214100823338,0.038489394460683425,0.021095921934794003,0.015570273520148994,0.011493490477473809,0.015622955660430949
0.025380221139413465,0.02826219276706429,0.00388269179386049,0.023864954965746664,0.02337714351500626,0.019735155470620366,0.04519422592686124,0.016066203903956557,0.023338552197325245,0.01683348622549788,0.04291141454321426,0.02203902880086019,0.015800020105635058,0.011056496488485277,0.01577830029235404
0.022940373891151652,0.026534295737727275,0.004254060440828123,0.02398680241005282,0.02192141890289042,0.019841461811084402,0.03836948088800816,0.014738794671646783,0.021852499492058794,0.015336484857768253,0.03842474307256241,0.02050910148122269,0.014102527136216183,0.01192527455591088,0.014048259536459573
0.022458580633428364,0.02647465429099225,0.0040649000362153465,0.022125221330509225,0.020366603005862852,0.02029259131396629,0.032930817824683725,0.013542703225126004,0.01988249628775017,0.015659544333641428,0.03509735808595634,0.018815132280966068,0.013312049739013516,0.011586284927152368,0.013332600895217905
0.020965680554524337,0.025461016986456624,0.004155690448416589,0.02199072181900007,0.019540119796387763,0.019488274699244724,0.026824815379841205,0.01317061143435153,0.018856834253504307,0.014593108872177261,0.03236963180525216,0.017813984885564665,0.013033195143845901,0.01141529638149349,0.013068782021040124
0.02385809741507876,0.025132132901831864,0.003832325117830333,0.02186407005205744,0.020360342164530833,0.02104968741725623,0.029841169604274832,0.015624475200104288,0.019880607738161124,0.016499594449519987,0.03226726031527306,0.019090985136830135,0.016024512845006795,0.010965086435980471,0.016010832255423102
0.025885686947978485,0.02569210353350063,0.0048191473985784395,0.023589380064985507,0.024291130374775764,0.02030920618270058,0.05291463375830276,0.019275707748897655,0.02419284892617847,0.023078764771963103,0.036697178923889635,0.022579396606458718,0.019349420993504632,0.010718820779501002,0.019438021043003767
0.027530296151395045,0.02848609530307383,0.007315424336660163,0.025924684686060195,0.02876877179411785,0.02072601833353073,0.04528389227501958,0.023707557760517303,0.02860762269288656,0.026294466905544024,0.04610540184554382,0.027324140837322194,0.024290266425330977,0.013794014679494749,0.024530718234229875
0.02514671513434798,0.02575514468719673,0.006869068835848934,0.022163393478879936,0.02789760670254829,0.01991798313919331,0.05885195094408533,0.022271095590189804,0.02761163181242332,0.023806089902346686,0.0481105102505035,0.026164622522531614,0.021231939397956513,0.01299067519030549,0.021221841284813144
0.024545722539173503,0.02565449931774417,0.00775016338077216,0.025407308737220434,0.025699323011086843,0.019847745074957027,0.03387264269865877,0.02011686820038285,0.025674340501149757,0.02462801521708905,0.03911635230950447,0.024445396964221024,0.020051185635171814,0.013634663028840035,0.020167197068721762
0.027082758881992693,0.03119180290261804,0.006950243162757181,0.024466516791445677,0.02928782716038389,0.019805005880368563,0.04672353106705838,0.02306039670891383,0.029165667457148815,0.02433912146371715,0.045709575908335694,0.028019024163669765,0.023426223876934774,0.013019822947917814,0.023490738053891937
0.024744442682273,0.02721993872366522,0.006776023519026577,0.023605552140690014,0.027571635120489324,0.0193774955254273,0.044703601907702735,0.020915377866518522,0.027184329091651787,0.022728282846026824,0.04211718359315039,0.0261029302610082,0.020489758550880203,0.012568051830451534,0.02040975076237804
0.025708136961603553,0.027820752197578184,0.0062901659972000945,0.026475413824416226,0.026379235486084278,0.019696956128560397,0.03601525340221367,0.02110074943062434,0.026316411432410824,0.022520407654839716,0.03913319828324427,0.02534259412842945,0.021296934213775792,0.01303804040856,0.021206625819458598
0.0235616741127298,0.02654205373987769,0.006743295236005805,0.022242428365613128,0.025068575537472645,0.02026066299006298,0.04222663315195118,0.019646071011795753,0.024775996682496425,0.020518463350818483,0.038709330210875276,0.0236644878799073,0.018810763334010865,0.014571202997874462,0.018672075058553565
0.02328212086700389,0.02552147573585887,0.006253005955318357,0.024042842280157004,0.023262083280193385,0.019867859017374822,0.02706856938442979,0.017551682417241143,0.022919610114826464,0.020782344072788513,0.03331495938547673,0.021893868855227216,0.017406298385225054,0.013708258584609565,0.017422178289724536
0.022978029794486397,0.025685978293988637,0.006091974095656971,0.02710180849278725,0.025666267012535063,0.021649419860337134,0.03632869065411004,0.020166908617171204,0.025232844969294947,0.022367293222420207,0.035479000789116664,0.023620440634371825,0.020517082648131398,0.01383675895224516,0.020403075231852565
0.021331846744267597,0.024322586443121595,0.005770423577444017,0.02365217758789083,0.024541847873759806,0.02009844889653899,0.053013339548870275,0.018582172892984486,0.024104212126920505,0.020709616635718117,0.03634562925925851,0.02225854832736601,0.01806569957158202,0.013356556733744467,0.01784532431896201
0.02298465251131333,0.024121268186041985,0.005528084323089483,0.027458252270610838,0.024977588516315267,0.021686060217621598,0.031346361749750466,0.018743250873465844,0.02507842019745976,0.02314132650353032,0.034876687801765754,0.023129651910277018,0.01887534276945774,0.012887551270837355,0.01907847706982022
0.02134364199657366,0.023636122019729314,0.005432527906997593,0.02244338168728162,0.024422879399883298,0.0205526184373626,0.051361473962622146,0.017555812858529883,0.024597139047355266,0.020960550135535314,0.040392650681002944,0.02217775334515731,0.01667537998387561,0.013154315534550464,0.01672538163282577
0.02130591820097859,0.022850634705502,0.005340127829205987,0.026373302069468224,0.022063898785738244,0.02058450294524743,0.028816440373443122,0.015681440018709632,0.02176335566030295,0.020754349278518273,0.033434050225955456,0.02008395867293424,0.015581937637103188,0.01270538073927827,0.01567553441738485
0.02040468815417443,0.02276706413722029,0.005665588371422042,0.02137196785688018,0.02175108578834841,0.019975425838903865,0.03533090843450303,0.015181919912561757,0.02169976661925307,0.01878261694243646,0.037802387484866806,0.01947001616953186,0.014577788318316527,0.012548642630888287,0.01462231061781588
0.020087772543390458,0.021673803966976334,0.005277191915625114,0.027641293566396198,0.02019547485886995,0.01979563875636654,0.02634563614885903,0.013324826250972062,0.019666741234668522,0.01849667502372262,0.03567832229394782,0.018034393192414656,0.013100735581333133,0.012192917350167982,0.013149818730798487
0.01895590707200417,0.021377206183317798,0.005452443727900883,0.021065964600314836,0.020281396190459197,0.019423795590320172,0.04249511059343546,0.01250225565788011,0.019615950293318633,0.017174312618812148,0.03361552610716607,0.017614735368539726,0.011897886811411906,0.012673561782235316,0.011974530381563885
0.019531523165202454,0.022877599535768844,0.005099168397804476,0.027706053123093426,0.019235753145509286,0.01917406433474655,0.022649030734579766,0.012317434081681107,0.018004642361661095,0.0166219605512738,0.03258073448125352,0.017027062094361438,0.012400203415317222,0.012222258706683276,0.012427086153787119
0.018125452556888234,0.021118659185521884,0.005003736533071156,0.020562915415189842,0.019491144586887416,0.018839483236329772,0.029652258614191497,0.011726662536765972,0.018099158036744896,0.015271019370519019,0.0343718206859358,0.016719450313520776,0.01108905650720954,0.012177193873839727,0.011072301667981468
0.018171961916983823,0.02360917625409913,0.004763770032619965,0.027258814032269773,0.018223512929274755,0.018502652851608282,0.023410867692367648,0.01137236404365009,0.016811851878040397,0.015503348967460934,0.031004567881041646,0.016585840718887686,0.011480567670982933,0.012609704275491523,0.011489647770072355
0.017077544883328362,0.02146691569870581,0.00455028231129727,0.020800697302168287,0.019501874717061312,0.019068539740085357,0.04006658575700243,0.011754885510007558,0.017900942538247165,0.02165346113152467,0.035847148682871,0.016954591439304237,0.011130398509563115,0.012026078373313088,0.011183217461041539
0.016312704973212754,0.021261414578217012,0.0043408065587510715,0.025932235098424065,0.016967100918844104,0.018276209961557967,0.019864251473746538,0.010598377172578046,0.01534953100993401,0.01891282116009747,0.02709033960242871,0.0147329947415912,0.010415425778251663,0.012049853906871277,0.01038675634988903
0.016840399686501407,0.020357981484285834,0.004265251716581572,0.02035561457959581,0.016966995470312825,0.018451967243176447,0.02813294831321966,0.010063113136484255,0.015256023232578471,0.018587515361001897,0.030292285500024912,0.014517284566003324,0.009569904768369131,0.011713482426308873,0.009578441447379009
0.01611792612544934,0.020697108433034808,0.00413158361269077,0.023700587483305197,0.015821210672999013,0.018130685083283596,0.03157292474947245,0.011474068328895167,0.014327757527890297,0.016774557612737533,0.025423665527856357,0.014032850832063726,0.011800032499912001,0.011357248848780982,0.011791074771541834
0.017239657474181058,0.019780242577290493,0.004053597564872344,0.021446896874065546,0.016365487067993793,0.01932331340234382,0.03589639767469817,0.011784314526220713,0.014894307738939674,0.01685971693676931,0.028463367822510403,0.014350023100827997,0.01116859352321523,0.011322565500623369,0.011095915005541128
0.018218657557541377,0.022368554594393644,0.003769632108370101,0.02627935979083028,0.017635649754556195,0.018400040717224064,0.028923108176183293,0.014479005462689563,0.016622945575890048,0.016799112832233173,0.028269587099462017,0.01631865317949981,0.015202344944512272,0.010916692615614369,0.015271814660661525
0.017416834385325538,0.020299607296699405,0.003591179786478238,0.020587432733881555,0.019276748138685507,0.018705668284141178,0.044235472671617905,0.014248630064686423,0.017924426213451,0.016280587895819865,0.035567287209016515,0.017193446669050438,0.01345910661968627,0.010538674204667864,0.013368350731925459
0.01717432629150391,0.0204458529996102,0.004430015566606202,0.0236540151738386,0.017238062799367383,0.018333788621171635,0.03645520113894882,0.01271447544447405,0.016247023619617686,0.015375713004455574,0.03152760604928774,0.015663373783442663,0.012911547987093304,0.011286605927294094,0.012895974041234952
0.016510650261685297,0.01980216240706998,0.0049538478639705955,0.028577040949971818,0.019176961424737196,0.018068930461916564,0.037100445426026606,0.013208692092492052,0.017858849815953263,0.016175521721296347,0.032760879165886526,0.016803071734371944,0.01241292413574228,0.011631441146386137,0.012369213345707572
0.015978226922247755,0.01915809625113019,0.004795786150937732,0.022622008340649983,0.01796293718838601,0.017812953706923998,0.061662960747914754,0.01143846765686591,0.01595322119515985,0.014996374788430432,0.03395789376972804,0.015260565686886779,0.011173441873427644,0.011366182348474394,0.011132257290226369
0.01559911134156956,0.018665978542839495,0.004486677403687352,0.02706550999323095,0.01865611010731063,0.017480973741010777,0.03354757579891748,0.012230086520582264,0.01743815763839718,0.01803611216362194,0.030820781468966958,0.016321778348853223,0.011610028595217004,0.010901647676725666,0.011653262833869724
0.018631926660650822,0.020738958557970495,0.004302888598122786,0.03359087882862655,0.023771281467865432,0.01734059764908143,0.05406107145607571,0.015220138703638326,0.021924252613429278,0.028879589449421306,0.03764196474544722,0.020874727548826955,0.015035798663193036,0.01063647320483968,0.015160151538991218
0.016928782651635194,0.019234649602369865,0.004702135468940859,0.0260518716309379,0.023816571188732878,0.016998594233724983,0.05376454383314451,0.015103953024142875,0.022379686814150278,0.026584711496334023,0.0405698339918442,0.02061108246591297,0.01410597480330588,0.010468027354248557,0.014109806259464256
0.019547575027703167,0.019000221381739634,0.004322014293469314,0.03061384459995096,0.02118466703670187,0.016782878305436618,0.05283810146714599,0.01441845989591962,0.0208186981876435,0.025965702523216627,0.03160414902309829,0.01893044908509757,0.014060834514454355,0.010066387699525857,0.014119742372890914
0.017955541745149996,0.01827762905271443,0.004396296355781948,0.02511734447451365,0.02105224601488028,0.01703522954891391,0.037050318734229724,0.013857342066699647,0.02086836817159413,0.0230771837516216,0.033710354491275914,0.018537403189326486,0.012660176844300715,0.011890317439120796,0.012683308921544616
0.01758032617922957,0.018199582646300824,0.005464553108993919,0.027535461557145324,0.018266847856541125,0.01677671298498708,0.03468474353402367,0.012254963550055408,0.017765952337672863,0.022578282611278505,0.02774148547722759,0.01613124553245755,0.011938747672233622,0.012549281751310917,0.011977100805135739
0.020812828319834095,0.0197048164541812,0.005281305729304907,0.025054733988717482,0.020310014560611413,0.017258374498993704,0.02963036104012233,0.013557812633713412,0.019961968138312313,0.022282205895027676,0.029043594246353038,0.01827724171476734,0.012540614856465617,0.012626010483920385,0.012582799963699012
0.018845457525132364,0.018526107596661633,0.005069943783691678,0.025094732951301806,0.01871709289511022,0.01778344768259709,0.04398322166500629,0.012190180241852408,0.018137667962712073,0.02072847603804069,0.025974285237885374,0.01679437998061204,0.011205517286095456,0.012001573026375483,0.011202678849278544
0.018057104577540874,0.018269408770272243,0.0062526158067337766,0.023302038159969105,0.017574006521897157,0.0174556044507821,0.02484043483382149,0.011237718548902733,0.01726119416037006,0.01902235844343024,0.02657023047370285,0.015922579346711093,0.010277616396140365,0.013502703663570603,0.010328283301458489
0.017074988789695777,0.018094053796191698,0.005879910920340879,0.02300294869855917,0.016380027771561407,0.01718810409109142,0.03278668985138231,0.010242778745503228,0.015807856971592257,0.01822134971905526,0.031082424061317532,0.014792412160446737,0.009385931960601146,0.01333163680536325,0.00942362309705711
0.01621903343119874,0.01932648654780942,0.005676314286022518,0.021689552370537917,0.016271778844656287,0.01688861504801721,0.023627507915057393,0.009666452740804847,0.015238568143310044,0.01688214890004935,0.04017172813183081,0.014391075041289841,0.008847217656155242,0.012770940370495691,0.008894655531904706
0.017646708913522362,0.02074478512668341,0.005267399654962488,0.02295182142798965,0.01852742698207793,0.016647279684862185,0.028623412566923606,0.011984073344207273,0.01715339066451809,0.01814011385890518,0.03632462926621872,0.0164513359347355,0.01191461422140796,0.012431774945856613,0.011970782167075185
0.016426010217410754,0.019538559697171876,0.00543585486208659,0.02052062590627556,0.018351543268704522,0.016631288350150687,0.04379757012314151,0.011479432073554398,0.017022629798340932,0.016634003268625477,0.04080919709795075,0.01593688947362412,0.0104696618876627,0.013718609976986675,0.010407088818167144
0.017183855589361613,0.020450245645276432,0.0051895086132479114,0.022481757313119376,0.01765803825664417,0.01726514164467571,0.02333883666635125,0.01186371293524782,0.01619701673354348,0.017062836785854543,0.03273658318288508,0.01565819647939811,0.01189279773932818,0.013083503619010988,0.011969962342065819
0.016076241045317154,0.01914461460689903,0.00495333517261179,0.019387049118644195,0.017594393941784046,0.017013395110442354,0.03093942258435258,0.011640525847028047,0.016318812765422137,0.015452148464997801,0.03773944432210704,0.015389882284595929,0.010633940205356513,0.012601116529162211,0.0106296054453459
0.015413146438035742,0.019445060091996223,0.004573899066384946,0.020562458367345757,0.015454618090321004,0.016992167629814963,0.018905861679570403,0.009957868737383125,0.013998796895676256,0.015089990082112936,0.028831423033554505,0.01369097383938375,0.009740647925571277,0.012167863103724745,0.009770623839715477
0.014908134832609738,0.020307651668788132,0.0048711012549560095,0.019428472133449625,0.015904474311371875,0.017215332356261777,0.02346700364899633,0.010094216438063108,0.014307584165913401,0.013897755792185813,0.03312822771136827,0.013960137867016187,0.00954774755294794,0.012075888818586449,0.009544769656646666
0.014296459018339662,0.022243525894460606,0.00445782476514994,0.01908386064450344,0.014231803287777869,0.01665644219108985,0.024584964812098344,0.008867145796150099,0.012556501068390685,0.013697775274126878,0.029667433494933584,0.012680762866218706,0.008708771453134688,0.011532011872415903,0.00870810591721777
0.014926076105870387,0.02139190974613754,0.0048878442761244,0.020289490409171638,0.01591109891697085,0.01707056965088107,0.021289059905178286,0.010069889427433419,0.01424210334106464,0.013976057399426603,0.03323758666379732,0.014106615155004523,0.010210836080149405,0.012065368862346399,0.01035148979792862
0.016531047356502022,0.02421582469426875,0.00469076135789346,0.020305162884944196,0.01812430331531796,0.016413461065937104,0.034420587524104054,0.012773710425572968,0.016652536865145305,0.01775590524118791,0.037704608590335906,0.016622477376682963,0.013249531413949283,0.011412734522011856,0.013416262071424448
0.015362560857840088,0.021841900547940676,0.004510781897612358,0.018978469071300467,0.017707432705009282,0.01752280293955353,0.028130991950473447,0.012264437542183908,0.01631416198773256,0.01584345700080638,0.035823535865296914,0.015880043441840637,0.011730685368229467,0.011149750248616783,0.011760492219705886
0.014789993634716473,0.021694601151240566,0.004220382327169318,0.018794061530405484,0.015721221892247856,0.016678276556303207,0.025702586185802616,0.010657742066837155,0.014274438332377893,0.015649571809710994,0.03151040494424031,0.014206091796482459,0.010763963574312776,0.010903863692358389,0.01083647668752913
0.014882704585425207,0.023576466037237048,0.00447119178199099,0.019777243037735766,0.01667004793016212,0.016961416337202606,0.024255598795683963,0.011454351048355287,0.014905302791736609,0.014589033937532563,0.031764382019952186,0.014797703637815313,0.011337289893315707,0.011195483894093073,0.011518668645003704
0.019889425292761668,0.028522218554925406,0.00411960695455698,0.02670501037526466,0.021965671183198244,0.017429182533687602,0.03238916847873928,0.01742695380078783,0.020354634960577676,0.02097477142320724,0.04207934059820578,0.02046005130715256,0.01853866398542918,0.010828625079926697,0.01885813454259204
0.01853148911470033,0.025447021099946152,0.00431321996942397,0.019698659081240962,0.02297275009429671,0.017301613840112518,0.03605486230149972,0.017236478182826934,0.021347249793000147,0.018392202584904864,0.05229607587397548,0.02064736057646508,0.016308897322946065,0.010691756579006643,0.016348812666200047
0.018634111210734102,0.025859726605243504,0.00389612360093547,0.023959370552500952,0.020016273423777663,0.017135127380934468,0.026561090510545962,0.01522698680438676,0.01821246904318776,0.01865915469594822,0.037841798510273465,0.0182972214945424,0.015718502764641318,0.010262483753916127,0.015836832802480133
0.01788455114263909,0.024805850608079275,0.004090305355523937,0.019142753544394254,0.02029362298275147,0.017471070366782013,0.028156422588567744,0.015218915665889211,0.01880702830247919,0.016444316465911147,0.04386312141705155,0.018200089842107407,0.014502550793676105,0.010285013351656326,0.01461622465962379
0.016936697204671815,0.024419890229093147,0.004182412219536136,0.02213341383539841,0.017786476068851313,0.017839375422921678,0.032364971495589784,0.013040983437162987,0.015764577119639828,0.016427774122067737,0.04101232217322935,0.015745472030458972,0.013094537801785561,0.01117130391275441,0.01320644557349646
0.016942931263510493,0.023765093799884528,0.004073028648204044,0.019396522737580472,0.018315846897499845,0.018323505795252878,0.025025364022481504,0.01339877209819711,0.01668976134571236,0.01612110015064059,0.05134964642605893,0.016386187376399578,0.012861269419952845,0.01058111371164055,0.012976741526951704
0.016277511681436523,0.022820060038976856,0.005005550072622159,0.020586361015119486,0.01652398068781569,0.018027668111760514,0.03176962908217657,0.011915844216369686,0.014646552740578769,0.01613751982360407,0.03568807485487048,0.014883296384048306,0.011703120793446344,0.01253559048420678,0.011755837650906407
0.015705566425472647,0.02237936305769019,0.005219087229897993,0.020070209366776434,0.017112534097954542,0.01802960892189362,0.021428915928093806,0.012842043852618128,0.015946755769005772,0.01619220460909664,0.041982910347500624,0.01581622600170739,0.0129635167736356,0.012363929837136094,0.013043843854831094
0.015442815388542318,0.021764543164270567,0.005020998011482531,0.019492474288574466,0.015527549880747595,0.017751518942373635,0.02362632778600634,0.011984990595295463,0.014695716259136557,0.015220393264590371,0.031104008796467603,0.01462564450274876,0.011753520489999758,0.012181304018214607,0.01175900205971061
0.015850123613324107,0.021821452227161312,0.0046717771347537344,0.019922622885615013,0.016765005051643665,0.017485738995455854,0.022018437858381784,0.012375858625193423,0.015290184302311726,0.016491121661061932,0.03583471252327543,0.015447265650019148,0.012451067699396877,0.011661712820474339,0.012482937096431317
0.019609802919925805,0.021035747026839365,0.004420369150856436,0.018265998627623767,0.016453910110837345,0.01730692942445507,0.034944352309346144,0.01230410426031614,0.015318094406899742,0.015264031571799066,0.029007685428281756,0.01516202056030917,0.011893623236573655,0.011485970446215021,0.011924992352181507
0.02803392404192389,0.026377752998080647,0.004513220685406306,0.028541369774403802,0.024990450660651548,0.01834499917292031,0.033279232136175285,0.021689202822554664,0.02440193108160246,0.026416137117564867,0.04172760384176777,0.024644257445815648,0.02263345066864952,0.011010937510739744,0.022832648645298322
0.024680803763922413,0.023290284929460517,0.00420367076224638,0.018748121062608033,0.025951832386874374,0.017434937217493368,0.07386612769137861,0.021326431962201707,0.025632312353914003,0.02190769757585398,0.05160182513408569,0.024960197491516966,0.019378938959318324,0.01066221930217388,0.019215428065753767
0.02465166462232875,0.02446437374215565,0.004125772495442424,0.02634610661807844,0.022886241045013623,0.017476072471268433,0.030226285434678722,0.018239660632839615,0.021660986689019703,0.024701965933350657,0.034674711861554325,0.0218406862246703,0.018457546001180623,0.010261615734406128,0.01844370520961993
0.0231061408646093,0.022700048907471744,0.0038362249492607386,0.01863488521862864,0.024070276304400347,0.01701404837501016,0.04746483065358914,0.01816030828582477,0.02299776575107102,0.020562524705024208,0.04236788060135391,0.022159297154901062,0.016834493496384325,0.010187424324064366,0.01682390764563776
0.023168448705192794,0.022242423935420627,0.0036524758921174434,0.0235087731089623,0.020077629982900733,0.017137014760487058,0.028722813455083027,0.015304250245863942,0.018954430467060714,0.02086985799232135,0.03042204670701494,0.018782043035988044,0.015425877959616781,0.009774218199720661,0.015436677984183331
0.021960584420447782,0.02221384426858966,0.0038453115230142505,0.019413918653279703,0.02102650517613598,0.016887857796092066,0.0322513750353451,0.01556606695414768,0.019977427412710694,0.0180167248144955,0.03538976208356552,0.01913779103553857,0.01489208692673142,0.009876738502467362,0.014895223991262052
0.021987707945004282,0.02171487607918865,0.0036951075660193334,0.02240716680049964,0.018423988693436668,0.017186673437487573,0.024667273417965926,0.015195146939831894,0.018017041779474673,0.01905511312039843,0.027734446283650585,0.017640078697469058,0.015598145175668123,0.010565844744485124,0.0156610478521104
0.02054859695570714,0.02113990325653433,0.005133899595535157,0.01872486829668704,0.019423671297557107,0.01992049075091451,0.02994530174675165,0.015081871171394035,0.019197682511157665,0.01659978493238397,0.03393201469566667,0.018321366008509133,0.014432771174956694,0.012421281159598207,0.01444326310848137
0.02024899083597576,0.02142860208945417,0.004688298866996358,0.021063430454795497,0.017199371123852007,0.017945115880594754,0.02009253746159675,0.014741598962134094,0.017181919101591656,0.017443469857165446,0.035272249768885315,0.016972812616602967,0.015169269217080991,0.011481469764564,0.015195178918358256
0.018873423938400847,0.020886876955745395,0.006552574956674673,0.017986037462863477,0.017811055201106474,0.01884601774628892,0.0257204553713233,0.014800240289181834,0.01769906446356423,0.01525121489788484,0.02993747031261638,0.016937646627207713,0.014265897711493211,0.012477833018333495,0.014217141939566287
0.017965845069193565,0.02013663555177321,0.0059466412036883794,0.019449990730389385,0.015294680055651115,0.01802627618758234,0.027055367704039407,0.012703168887264112,0.01477293162872439,0.0154327699224502,0.03210244318284655,0.014586841655329794,0.012924802505331255,0.013964122303109021,0.01291337553074305
0.017685836798417228,0.019504279656939807,0.008065931792344043,0.01919597817839613,0.015991248479211868,0.02471681802876512,0.02644603737596133,0.014125115089233482,0.016243669028098904,0.015390984211962841,0.02735430746738733,0.015882666035140536,0.014255719976979286,0.016049197983700178,0.014286371494975076
0.02465393790118172,0.022350229760743256,0.007252720994090708,0.020593293454713023,0.0169637892407601,0.020905283355350468,0.043023062528637836,0.015464898496127867,0.017591292046061614,0.016014703477507875,0.031819434120797865,0.017890683943322445,0.01588523632998321,0.014851511240353181,0.015883705849184703
0.024406390222385225,0.020768273651540478,0.007260465724598771,0.0193590513590328,0.018441795820697694,0.023000098732430203,0.034261489707856384,0.015990671369026373,0.01898359473189628,0.016544752244639402,0.03140111304605032,0.018722296254048535,0.015794045546341805,0.01487617984662307,0.015705541027516038
0.024855376711521673,0.022260317825757155,0.007020091272178014,0.021768563776120006,0.019025311977441037,0.021271208929093968,0.02980617168764191,0.016993238516720938,0.018335837618521512,0.01965638453675079,0.028750922127426158,0.018383524444527396,0.017923652611202472,0.014839180578737092,0.01791389154955638
0.024331565203118966,0.025957810853117082,0.006860252267142295,0.02106662051243889,0.02223955909480943,0.022364004734306605,0.028352875190734324,0.01968995667716773,0.021160024226479213,0.021230061169910223,0.03240740054398655,0.020786322691981104,0.020442781055770194,0.014130034620772627,0.0202423589616856
0.022583895688420383,0.023288210487014637,0.006462052919347516,0.020174809718456945,0.020460802837424578,0.0211460776287155,0.023233312090270127,0.017994503414071546,0.019525751451114095,0.01942049758869677,0.032771759515329006,0.019119917511508603,0.01801920029024818,0.013878786410090103,0.01773402461834335
0.021420960170636057,0.02349366984460459,0.006362196071614476,0.01950395250445797,0.019224555741098385,0.021196988491031098,0.021557146382925288,0.016536994331095286,0.018134593299005502,0.01860528503339999,0.02792356745867909,0.017870471930226582,0.01701046330284899,0.013351431694494825,0.016871841012378742
0.02427205204947919,0.026168783743291155,0.006072065787773535,0.021240860478303706,0.02331663522764477,0.021115249302038716,0.021283902588779727,0.01935824117180786,0.02194691342672574,0.026515877547443344,0.03737069449068603,0.02178767719855021,0.019871053373955748,0.013129170718533856,0.01988287600054241
0.021925435362249224,0.029323308857105143,0.006021347062823859,0.018727557527999407,0.024338478842997432,0.020675358651352508,0.033912684591798685,0.018371996060681395,0.02216042813891533,0.024213363622142877,0.04653603872051046,0.0215065942478998,0.017805499566363334,0.013331522949753783,0.017668896861067332
0.02123505232158899,0.0269902861880191,0.005485148652322674,0.019671850272737452,0.02211085269062628,0.020460768472657362,0.021427305434199663,0.01644465991673076,0.019764460254494597,0.024239319675619077,0.03535770389313561,0.019573690643392757,0.016376075957518194,0.012698353372620192,0.016348397165235368
0.019906900348398003,0.0263640917187089,0.0052653054216128415,0.017681420037198033,0.021839006657887752,0.02014577085027891,0.036803679862025346,0.015309468189102029,0.019561989937505832,0.021138067426548685,0.03806203909218332,0.018982684754837248,0.014786319310875727,0.012317391608047332,0.014753435302088315
0.02180691299419681,0.02562279104576251,0.004979702674136615,0.018832929650111973,0.020643032557642767,0.020412321526885813,0.02038578230340811,0.016605240728130393,0.0185488121941296,0.024555602908450946,0.03180008724933771,0.018361782065624364,0.017315342949444222,0.012139339407132875,0.01731042822572558
0.023237267335931587,0.026012675217115647,0.005064337018634783,0.0191923287409723,0.023216729625674795,0.019701693138754257,0.029924837411787118,0.018192401510396673,0.021794275713751688,0.02312072100523102,0.039930529070207964,0.021251165611055375,0.018469234193878022,0.011847170883816555,0.018346834808969835
0.023336267366695886,0.025076978921903068,0.004670323760442211,0.021325298643962022,0.023714945570225767,0.019542585146681158,0.030408649824829815,0.01898026742822797,0.023205428617296794,0.026233581971327892,0.0426564225167415,0.022435932540559086,0.019575105721885026,0.011443647472644012,0.019415573077404547
0.021771972895019327,0.024066737701329742,0.004537512620018514,0.01838377763628719,0.023247038131534118,0.01912700581898995,0.04484997016553791,0.018192940726983197,0.022809391712654524,0.022531759600820985,0.04047295374390256,0.021511297411805616,0.017939122878038255,0.01102535722515181,0.017753102860429314
0.020485599803128637,0.023161198706045973,0.005133350936458556,0.0199806904476828,0.020596236312908956,0.01933225667179998,0.024524499402481185,0.01604614050803341,0.02001598246220593,0.02234295569071325,0.03494168427934021,0.019169726949733675,0.01649147078263942,0.01186394685007798,0.016349173860411882
0.019330798547070843,0.022712739367091363,0.005348526238963695,0.01745181289539517,0.020040134996058244,0.018689974014310794,0.029624624596668814,0.015303600078279871,0.019582910521911974,0.019380667175103568,0.033479805254831116,0.018383535298536514,0.015340789249926384,0.01217514022510122,0.015219313982953961
0.020258226087624887,0.025912258469046608,0.004992318857121674,0.018732915044071083,0.019133354937877708,0.020202013397355997,0.021537658534272967,0.016309435529325726,0.018870915277117147,0.02104483611798026,0.030203282820922227,0.018198050271636547,0.017110068878568637,0.012660557188872433,0.017005076158906406
0.01924171822112009,0.023669554850653834,0.004732222494730081,0.017167076777121357,0.01931156051873904,0.019399688159662476,0.022628839718452632,0.016101124283824562,0.018968740848679305,0.01963990192418972,0.029730587186864228,0.017961428234709524,0.015861448027166977,0.012177733757045535,0.015693335747007896
0.01918965549347882,0.023389061071624452,0.005538326828147704,0.018486896800267015,0.018299500336944493,0.019398722801215927,0.023639167710311576,0.015086830923176274,0.01809697150655788,0.01951151100500673,0.029694854637379232,0.017319615237315122,0.015714485114170746,0.014335637446455204,0.015677326235954196
0.01939876007540359,0.022259888583281345,0.005226563490548521,0.037903254937853195,0.02171982951518026,0.01930384112071126,0.04736563700480376,0.014910793255799757,0.02045542862582199,0.03549172854073013,0.03445503142430335,0.018799479275212652,0.014479190791421485,0.013782907868365828,0.014407358686614349
0.021349825257944478,0.022070206098073787,0.005311719687789983,0.023136251847707547,0.021874268456749668,0.018863262234655412,0.09119450589033117,0.01337453940485129,0.01955812128984499,0.030546513200954216,0.0297808190310616,0.01841885060031965,0.01332541829475327,0.0135714359249081,0.013290781369717198
0.03174535347046812,0.02421334727189941,0.00488989786111185,0.036427406790405736,0.024285787651354477,0.018699419055337684,0.20242259276735652,0.01567661595369586,0.020882230865469687,0.03332625297881589,0.032786675320911673,0.020311931053918583,0.015589953988144202,0.013107943903960329,0.01549499100312395
0.028179161508036586,0.022222043260155804,0.004830351009772749,0.02444222662164831,0.02403640403598714,0.018313261086333407,0.07791357022187566,0.014896397798387544,0.020094807013203698,0.028585286270676375,0.03361536793447094,0.019496700209826516,0.01416092361892727,0.012748469361720177,0.013951114345720127
0.027605972378079362,0.021979013707298697,0.0044047185356206695,0.03579423575303293,0.02188387167617227,0.01921353021712288,0.13170466501986447,0.013519814817579029,0.018972979795771328,0.02893585575360827,0.030601932948396374,0.018264838195962984,0.013021168970420858,0.012508389201047439,0.01285675903278719
0.028956456628646463,0.022821236527968924,0.004279730191993719,0.028150466837166103,0.024889761103543986,0.01825240320913607,0.06171095819031327,0.016255335310789605,0.022255677992114854,0.02827546319387583,0.02964116627892577,0.0212902390111528,0.016467278625352605,0.012030314742019734,0.01656835933140174
0.030717136172732022,0.023239163786961243,0.0041526525596706715,0.03531839712473549,0.025478047267200786,0.018754878593166616,0.0889727019766469,0.016143995854822773,0.023309293127541483,0.028623073555249023,0.029367884622826922,0.021690304748879768,0.01520775822517296,0.011677383021067243,0.015205780750343132
0.027938615875643887,0.026475636753067636,0.003947823101576219,0.02978694467825853,0.023944217316303792,0.018245056854617626,0.0466297640445517,0.01499491830413445,0.0214003396295306,0.02778083245750323,0.029914108688373707,0.02025679983467121,0.01493586810253535,0.012229327182850212,0.015026780788606663
0.02626860979568665,0.02461430864158522,0.003920264962461086,0.032603070647091226,0.02288701460748764,0.018650572782635887,0.06015147932236034,0.014501175484028935,0.020602160571062584,0.027733565056611727,0.03377555797782996,0.01944546742951493,0.013853335610939606,0.011877971059107904,0.013910529823479408
0.024471576601243664,0.024378369695816814,0.003996102781680611,0.027798760094010288,0.02153457854523712,0.01794233580531181,0.05544820644742966,0.012924626358557496,0.018551203114032088,0.024668034998134334,0.026748349628004847,0.017664187427454348,0.012635713475683076,0.011821982801378394,0.012706002815351137
0.026035627725257728,0.024938589867326527,0.0037211643572737448,0.030136927227223456,0.021543290228629552,0.018021863014075018,0.04240941440910942,0.014795874205953193,0.01994860938016497,0.02447989185491087,0.03435190448446752,0.01875909441809998,0.014873996517121566,0.011317115654451745,0.01492769783600122
0.037769674121898196,0.033996263822878764,0.008161043062967136,0.03636059179421804,0.034595351355354395,0.01780156632111892,0.05751649661806626,0.02493930458666587,0.0329602086299816,0.036673032791336914,0.051310785123394986,0.030466239342696554,0.026562734181949637,0.015405312283376367,0.026607989246221
0.033309421326376064,0.029422222181260654,0.0070554766299590135,0.029892038988636155,0.03639929128604871,0.020719329273186662,0.07518868545761281,0.024434709901966632,0.0348346993034259,0.031558624169630296,0.06452690080119321,0.030976183018487008,0.023052498590249625,0.01382179135809846,0.022733250631370883
0.03181595015632787,0.02973110055954374,0.0072033140847710475,0.032728461734782416,0.030860284417694343,0.018841105430139424,0.04127766283458554,0.020841277795311187,0.029153753135505164,0.031947215480274356,0.04349928999038356,0.026559275354792647,0.021308891836425405,0.013544016526710723,0.02113977421269769
0.02956263411555772,0.028593233430612788,0.0067061066609024845,0.029488541396786153,0.03172431787061961,0.019848009006742252,0.04845032531325805,0.02026704181559007,0.029981365439074682,0.027158599303648973,0.05107075174636372,0.0266109838950836,0.019270319912384454,0.01374668638707639,0.01910040764563425
0.02777680304025005,0.028662194460242846,0.006916662048417051,0.02969629098608716,0.027829706988327194,0.01883584478377204,0.03524445571777968,0.017428595284596813,0.025252851895133516,0.0265181351941157,0.03903200594559857,0.023408603735990005,0.017691122437015323,0.014438498809184706,0.01758018930997596
0.026151229490946407,0.02692417022581815,0.006282691967767351,0.027245786815800907,0.028014352327672767,0.019507264805772345,0.04012085270739006,0.016780721745709586,0.02566889732362387,0.022750885064586324,0.046592883623427575,0.023051499181599745,0.01594027966603551,0.013904198508792577,0.015847613408941048
0.02438379062201826,0.026095760695061695,0.006201644042488242,0.027287383546257548,0.023793058319111778,0.018608003051584623,0.02787011360100122,0.014278714390926362,0.021471850541268163,0.022277425562005054,0.033799919701218546,0.01976937811488626,0.014431127231485564,0.013492905985707777,0.014372031285364944
0.024254872591837742,0.024953459159877598,0.0055058778863449395,0.026096645476047713,0.024379320198109275,0.018596934163861465,0.027735326497747567,0.013855725223217763,0.022011896565930885,0.019349366666619783,0.03884440022648353,0.019856071460173007,0.013148917669055526,0.012986120264391969,0.013110458125257496
0.02286620930683111,0.025159340290110146,0.005703922470192579,0.025514132809024658,0.02180366111116155,0.01810313685962661,0.025269920994644268,0.012816326782189994,0.019307148193668286,0.019412182331391543,0.03138305189248228,0.017891927221992617,0.013072344453815696,0.013119944314964221,0.013046759469814566
0.02148247615003416,0.023740733226349134,0.005488038156259297,0.024494966297652247,0.022084174066093483,0.017886005003729735,0.022620912318956354,0.01260640082763592,0.01964867370073311,0.017366347308402218,0.037896794976091865,0.017795712152624696,0.011932757682406845,0.013410841099673125,0.011886854160406917
0.021504634419506403,0.023199939546993557,0.00530386709239878,0.02378076449156497,0.019328566307036544,0.01764495441705685,0.019600924965827174,0.010899676548748674,0.016862898044271116,0.01697405652260831,0.029864115459713153,0.015796740103400833,0.010828729897990205,0.012726626080310504,0.010806525961100403
0.022242439857409178,0.022823573955728284,0.004818242034879805,0.023232661188534055,0.020688363224216445,0.017310293137555402,0.01945632169801834,0.012111939265034679,0.01801486257119108,0.017856886340164368,0.033716606231297054,0.016385097012289355,0.012344902731546783,0.012302062770943511,0.012337633486588208
0.02200694563670148,0.021806248804878407,0.004857283925568053,0.022237335808098904,0.01896602778540573,0.01710513609193224,0.023467184392649984,0.011085656923953276,0.01646061832692938,0.016822224812434505,0.029697672049318627,0.015026643892435784,0.010996728763856276,0.012294298194116678,0.010922382125716007
0.026062730670126967,0.02763810797180044,0.005168836772706571,0.029699909969422286,0.025043561250482727,0.017329432449906236,0.026984407021082096,0.016083537537341305,0.022172740794331573,0.02725355048737622,0.03628784648226498,0.02109618975497114,0.016622563764299724,0.011897974574385501,0.016436210232158233
0.023341006966462147,0.02390145072706435,0.0056760401283878084,0.02168481352313423,0.024931333248357456,0.01677854429798168,0.056624349470898346,0.015541130578467543,0.022131137232946966,0.022860220962557905,0.042086695678637515,0.020577857336788057,0.014390497262047663,0.014583809532991971,0.014034944722982898
0.02224639344536405,0.02499773029052593,0.005362015616415889,0.026562046301548306,0.02161516216846174,0.01684437505347033,0.028106101309561576,0.013152232262412453,0.0187493249176532,0.022835352569731758,0.031140792957699354,0.01791958664549415,0.01316458420582276,0.013758169232532416,0.01294494771857559
0.0210197458491027,0.0241602985065078,0.005872068518077634,0.021135689914914275,0.02249684022505771,0.01681742099907192,0.04016046365562565,0.014656300014791174,0.020105121293386742,0.020870562088600955,0.03584547170758093,0.01863210499443362,0.014498709062114814,0.013886962626120231,0.014330484374659804
0.021926022763004302,0.0234429753012843,0.005416954348738612,0.02566400404963182,0.02146827405096281,0.016423996500988188,0.030171674169193963,0.01466949489383481,0.019449354989748095,0.021904453074547126,0.03053438758400183,0.018354140162864394,0.014501975620828311,0.013679280117583783,0.01434102365810461
0.020865294977379163,0.023059065509134117,0.006066981784474302,0.021731897506295773,0.021399501230181354,0.016340440776931493,0.05669037755729689,0.013774444616493244,0.01915884631995761,0.019057556886657816,0.035202232666106135,0.01786084240353429,0.013016763860326156,0.014679269737096807,0.012862712619001314
0.019953727552679098,0.02322689904643667,0.005520832049905016,0.02377946850859154,0.019331994275620535,0.015986082537119757,0.025255911027473515,0.012380605531666642,0.016962070287359653,0.019169308894095627,0.03142603235260394,0.0161556982757511,0.01217216582246864,0.013744333046092676,0.01208019680678769
0.018806232422321247,0.023319703820012538,0.005789043406051294,0.020782653159299752,0.019302250068132673,0.01740766983328632,0.037005932690277354,0.012117860817370716,0.01683962404943287,0.017165860418509996,0.03963676993356661,0.015910054257098325,0.011575188004892895,0.015309597997681819,0.011482363853585902
0.018504802531600976,0.023037954429906943,0.005159234904518904,0.02173036681409096,0.017842993568183953,0.016654994041824175,0.020723628606647143,0.011890917067753295,0.015352036725708555,0.019728435227640992,0.028793962017898186,0.014639820173051548,0.011999891325702419,0.014220670980927028,0.011919505183928803
0.017436617225500765,0.023345329094589293,0.005599796535215228,0.02118721819768983,0.01861011246805277,0.017670972983347463,0.028948037552929295,0.011592381458277208,0.015678589447322696,0.01815081717314344,0.03569460097574871,0.014640992983887489,0.011121668971743175,0.014052320078436353,0.011003586976336023
0.01761510570661175,0.022039435893743863,0.005024256100149565,0.020274864490869016,0.01670314103621939,0.01692415427401054,0.03689459598003784,0.010605500345070996,0.01408049875467731,0.017645936150490763,0.0288515591352208,0.013404339868925357,0.010594088876496098,0.013453899499184544,0.010471545557405447
0.02394105597548693,0.023708902378847384,0.004942643494073484,0.025520293006511593,0.02123426300182587,0.017093033618076837,0.026732853440682495,0.014444648896103574,0.018442203096938056,0.020318529465032542,0.03444533217693268,0.018005883717780117,0.014796540762954741,0.012986066091548116,0.014839366681566026
0.021881226026007495,0.021873795743767906,0.004502195425157265,0.019789039373324352,0.02105284460287602,0.0165689312306757,0.041798777773176025,0.014570168900362732,0.018855710923154623,0.019691760660738796,0.03295763673260497,0.01779001820410693,0.014052802166766847,0.012880778833602202,0.01397653246142449
0.021678786625447005,0.021555921344703063,0.004924879632322718,0.024153590687870582,0.01956557595865503,0.01652115460002817,0.031292606483394415,0.013420898644480008,0.017631150399867915,0.01963031875790656,0.0319609524196244,0.01669202014810657,0.013331565623728916,0.013218382933268208,0.013318147300162281
0.020110661959476396,0.020977364216225525,0.004993752065541754,0.019152938545695344,0.019141998641998857,0.016162140890318095,0.041608595666416795,0.012535252705740019,0.017193310093041075,0.017920334827465956,0.030107705525586635,0.01614187890130303,0.011973961620357028,0.013522345269227163,0.011954097026285828
0.020528387641549642,0.022457188554893356,0.004839515134602006,0.021886051551278752,0.017641039719168625,0.016786739988172587,0.0289730584248602,0.01228906553050605,0.015821429441465727,0.017349984583411505,0.028825754203259616,0.015017033584454385,0.012476678694707055,0.012810918456932425,0.012506731890797056
0.02100319773456506,0.021418486282197793,0.004420353455947856,0.01977214578621118,0.01993609688369791,0.01616247413410164,0.03252318619668185,0.013355605148305326,0.017693141954967063,0.01891603496370648,0.035207949763288324,0.017274453297997094,0.012987907805589368,0.012361242865927642,0.012949969826175009
0.01950120647032788,0.020790921744279597,0.004396252055325217,0.02084025487474614,0.01855073699314179,0.016162603877681182,0.026885576350154115,0.0121625860506857,0.016231419230144765,0.017185785103968752,0.04201752590134483,0.016012610545806043,0.011791002666484132,0.012616226484972156,0.01171915788663037
0.019249241472586224,0.020043330479840513,0.004910054687026945,0.02011921557420377,0.01768727024742924,0.015927720684409244,0.02361418465159298,0.011311822429663115,0.015815659745898037,0.016697755182091503,0.03713746206255861,0.01568196300818507,0.010913308179803434,0.013264950500030116,0.010881942304869973
0.021322743887732323,0.020239768012424927,0.004581639893074877,0.020204272339620653,0.01766411617764243,0.01566857323918074,0.02125612131341358,0.011408699341835162,0.015627381195529855,0.01589483074811209,0.04828044656572481,0.015645704073858763,0.011507228277176184,0.01258686931279905,0.011473680843834775
0.0215477713478718,0.020556014523684357,0.004514203863549529,0.021050482025108033,0.018994490528062086,0.015459877616445374,0.022458670807145885,0.012558553024785875,0.01685844264306043,0.018047839791463877,0.03290297317561074,0.016577801581091425,0.012702250713222698,0.012570308969425672,0.012611804571293891
0.01999942922345574,0.019467284032885602,0.004443372203752347,0.018983950999476654,0.018353484494769024,0.015245468142529443,0.0322982269868374,0.011665853734557889,0.01634052755586939,0.01625156515338648,0.04199002313385882,0.015859950762787296,0.011397828977925817,0.012397323344005895,0.01127677551247692
0.023474572130562414,0.019419869501219447,0.004564655699811869,0.01961841284741056,0.01663014128445159,0.015031334633494917,0.020976416032749086,0.010627876930309197,0.014611332257373613,0.015839224183417565,0.028951356786807637,0.014421436600039412,0.01062348909547279,0.013036410252974558,0.01051958052894516
0.021328773335318144,0.01891444628789802,0.00465387799165775,0.018391427767551215,0.016158136511592928,0.01488239297013227,0.03404587441563773,0.010135394614406917,0.014251452090438035,0.022620169511304057,0.03674279211846463,0.013920869995676209,0.010081048051700226,0.012869758226868692,0.009938789103813411
0.02071410080747374,0.01865607820170885,0.0043666079051214385,0.01984175640008468,0.016415759085484843,0.014942751285844656,0.02313256335889307,0.010466692501415438,0.014245449949139441,0.022916285801953658,0.02981389096254576,0.013825356309955945,0.010644048109678075,0.012345139347075755,0.010451964676413026
0.022830360565397268,0.02607246595914206,0.005664140513194736,0.017944235534548162,0.018429933997255985,0.014764891156960544,0.024438063312089673,0.012914752892207776,0.016501068446762718,0.021707056784913095,0.036223741888274805,0.016393939350856167,0.013521103786647235,0.012987826012922058,0.013375286146188053
0.020791173015708944,0.023076813940456326,0.005157567562526918,0.018458169351150612,0.017437746075436286,0.01713380474448724,0.024555148302062686,0.012072558245636536,0.015426209268422591,0.01994760616505191,0.03344072875570067,0.015450982168513277,0.01189447856375228,0.012307422859722226,0.01165916704515845
0.019772720276670774,0.02312635897022854,0.005220268652206653,0.016953149410515386,0.016664530804861948,0.015565993013966061,0.020309628725810547,0.010918888816341503,0.014580552706413523,0.018830092571722655,0.0368918023037281,0.014371685120932605,0.011194456629940317,0.012817917175754291,0.011063296759790224
0.01977385233543394,0.021932825294948787,0.005039292649530006,0.020822544702026644,0.016321230534591082,0.016765363687330285,0.026178013974595234,0.011326377334689355,0.015272914202585287,0.020391859107493252,0.029191211582451557,0.01466476107289839,0.011334268681942128,0.012943867068487401,0.011263125474557283
0.018425961842450638,0.021364585848370896,0.005554048160919901,0.016581595218815522,0.015918866820839938,0.01575514245075207,0.018634139295955393,0.010321930933318266,0.014759832576786433,0.018794397830147948,0.0318584024281338,0.013791015367414013,0.010251026358954479,0.013509976255276734,0.0101654022054434
0.017740051585182347,0.020652126654192166,0.005140885414853516,0.019241617514732186,0.014411379807002266,0.0159823421536241,0.027424701512403102,0.009570025224976941,0.013294322149708432,0.017773610327478692,0.028940856072811577,0.012855983863205394,0.009452197484647248,0.013006082708141535,0.009402505378421345
0.01691890391797384,0.019953942064026394,0.004995708829907187,0.016369598039428723,0.013966849183990129,0.015737761535012128,0.016705376720312887,0.008828517723765356,0.012824835680670481,0.016337431349881405,0.031176141581237462,0.012079485064571467,0.008708932546590373,0.012633644238428882,0.008654809351059358
0.01622769176166867,0.019602477389730193,0.005572869533759871,0.017691941970100777,0.013341591229418075,0.016037996712558872,0.0219648312796057,0.010530572082751051,0.012323160557482084,0.017344960565803133,0.03222969581539068,0.012217417055546376,0.010879576681855725,0.013939393375842397,0.011032800900219781
0.015418036826442584,0.020102770741802396,0.00523198919288238,0.017151935753627855,0.013410096091725512,0.015516345536492069,0.02055836049405551,0.010503694105160572,0.012555424405529328,0.01703606421959143,0.030647307023027922,0.012355820001001508,0.010277358304091653,0.013085867988242825,0.01030075188852677
0.015968816580031343,0.019388454848119355,0.005180170757966665,0.0245026862532083,0.01570681695730476,0.015873434736404936,0.024414124366069073,0.011762900893096874,0.015019448974374482,0.0206045293527822,0.03644320056506349,0.014633008191606716,0.012139357041246223,0.013502179554263041,0.012144965857137124
0.0168053022091735,0.019671631679323655,0.00487103114962654,0.018199214447618996,0.018170342688353568,0.015587599276675619,0.024586906004665426,0.012185351771254054,0.016496630013151298,0.018315913712151747,0.041753609092511045,0.016188997728975644,0.011779533207200805,0.012818579445928333,0.011760544893425796
0.015961901955380803,0.01873706443115205,0.004854142125492868,0.02333533504437868,0.01666310342488381,0.015591947552851508,0.026749085637652662,0.010724742562520704,0.014361580425502096,0.017885722443648378,0.04309543570917948,0.014782707052153959,0.01067404863154223,0.01302766541319646,0.010653595095442002
0.01539341867787229,0.018315302287668766,0.004481135944773953,0.020101027885498036,0.015929533501378594,0.015352132250202957,0.01920532837693466,0.010091894954019917,0.014122523457647916,0.016174941981131494,0.03426178684552792,0.01391700511989888,0.009716565933760586,0.012367351596956556,0.009717770384320156
0.015376360211831726,0.018968990602287218,0.004321600361166196,0.022751100083913775,0.015927196188904126,0.015193717170094496,0.02386077938139171,0.009868961134453631,0.01351529354923254,0.019218351081510644,0.03570089502014687,0.014298549023543015,0.009908415523043806,0.012008085741100759,0.009873716685604866
0.015165023418134417,0.018523844117068172,0.003998425429534262,0.020105512671477956,0.015570859971037332,0.015558017183797792,0.03341586786121671,0.009457559672914537,0.013892479085410338,0.0167070619829675,0.03124577817648013,0.014102833228615497,0.008960058744204842,0.011546557107007695,0.008931038778965773
0.01631852484303984,0.01887453801875063,0.003955120146292495,0.022695970944154164,0.01596095198692239,0.015064139710854588,0.02958412938454099,0.01007596958986149,0.0140542027388213,0.01883379371819331,0.036622002163616996,0.014831661726207328,0.01015617609532436,0.011165166844204497,0.01016248245738695
0.015411565431562933,0.01800568103753102,0.003970667376220923,0.020171258957332808,0.01668860845511333,0.015154291970612079,0.032613532087267326,0.011107782257088956,0.015265613288724113,0.017887787650347677,0.039168397632949416,0.015298022206770161,0.010889097294214374,0.010980599703472253,0.010749363055349464
0.014946518478046414,0.01998634413630732,0.004371003993548962,0.021433622291670767,0.017323745861656813,0.014823758207241307,0.024749839997387616,0.010597673646152045,0.014905885003058093,0.01868893285432528,0.03649058086149216,0.015458747608393868,0.010654882954987802,0.011067885489139156,0.010593913956249193
0.01879735737007726,0.018371127436385998,0.003990655776866881,0.03098865880591558,0.02242293472748593,0.017061768490784272,0.0654999741482953,0.011549016434715726,0.01845225319611342,0.023681294875770812,0.04432565585467128,0.019352183969318835,0.011332152813291349,0.010544349305189715,0.01124040605750797
0.018706648456155533,0.01892617909243268,0.005031603670798552,0.02360966388953713,0.022220324830556498,0.016482949701728308,0.14925381940741855,0.011475101236680565,0.018421467293191263,0.022995408542681894,0.034867561309152195,0.01948393303416678,0.011336926043296875,0.011078255146004204,0.01126211290838217
0.018863094272028445,0.01797579620544088,0.005023613406946226,0.028485256494148316,0.0207131422650158,0.016433835627081606,0.05588954752776343,0.010887895809426864,0.01726921817034389,0.02155382905774658,0.038672856189356446,0.01814961768218419,0.010662620563429892,0.010663824253328576,0.010544729387225065
0.018636727671795812,0.018860125192095324,0.004844162370606615,0.02738780405361565,0.02162508985164718,0.01609179077978157,0.09184237130683788,0.011218187326325098,0.017541690540785776,0.0248101392486263,0.032285715092932314,0.018241865241681036,0.01104065221027263,0.010536404817782728,0.01094202155723965
0.018734592178837634,0.019225455315677098,0.00445628815913631,0.038711877269146086,0.021425962430683607,0.015888651686391964,0.04823642516156075,0.0115342540727028,0.017578791477902214,0.021940406005020535,0.03801561836876002,0.018295772482685227,0.011192350757823712,0.010182150861479165,0.011109924910735917
0.017734545521165174,0.018335007593577365,0.004532080779120144,0.031373794624754286,0.020352242196334625,0.015620771811269083,0.06583709193191593,0.01120482221435155,0.01674500416926552,0.021516502311192592,0.027739605298534142,0.01736233756070908,0.010913118797665822,0.01018860135658345,0.010817767867048163
0.016812962503689344,0.018360159571899095,0.004406457717751075,0.034680007218336,0.01910686294250299,0.01552657391421888,0.04145722449507447,0.010331676633352074,0.015637245234272238,0.019111717424964026,0.034911803988893694,0.016190617117324124,0.009877699892866897,0.010259957840329927,0.00979112152711293
0.017060508506769528,0.018025094630267476,0.004295739422747799,0.029260826210835346,0.018780774633212816,0.015573111923866022,0.045560210659375724,0.010284170622489623,0.015380017600713964,0.02154156029913484,0.034192117737785785,0.015940287650590003,0.010196268865969702,0.010078426771590342,0.010121489588684064
0.01610234914343038,0.017443370978555778,0.0041483265954422276,0.031193259984988807,0.017709682889370176,0.015250660390101483,0.03575976844909484,0.009684175412069555,0.014513939058601138,0.018716594231182705,0.03383584754175271,0.015036040273335818,0.009191777715178647,0.009697229662073521,0.009095402163649515
0.015971405304629916,0.017194255194198805,0.004010785428892515,0.0283349473826068,0.016522485165213444,0.017592242764100086,0.03065471062074668,0.00865423521184518,0.013340982888412314,0.018716245262498366,0.03630847693612103,0.014014883721653784,0.008510669617470979,0.00974701816020035,0.008456220809465793
0.015660490045802392,0.017243246355857625,0.00397979130180296,0.028880783998049123,0.017122963836367293,0.017294805618319406,0.027618444732606506,0.010133300232364972,0.014621132710509641,0.01962949515279688,0.031090846959488536,0.014914312304178985,0.010148816543346371,0.010178957721315973,0.010185821084083266
0.015201774728991979,0.016910181406021824,0.003804402743164051,0.026581015408796333,0.017080463065398174,0.017064654473093525,0.02921877503030495,0.00957673418512643,0.014452586152895448,0.019350540588906794,0.035672421404348384,0.014426360678378188,0.009158991477976547,0.009882772941183336,0.009123573170270877
0.017613412199316923,0.018471737954182978,0.004780078993333304,0.028175857826187495,0.017978600195211854,0.016776511097472885,0.02067374276920228,0.011987458689798742,0.01574343090157321,0.0195751339610304,0.032088503380403074,0.015858274653786825,0.012549094023336966,0.011072824289332801,0.012532652028805822
0.016120831675464624,0.017499036888598597,0.004375263526003755,0.024746083254572334,0.017629589784550995,0.016528114616285044,0.021081820187965485,0.011647556828990373,0.01569359839472712,0.01809956528099432,0.03434289998787999,0.01544609371017896,0.01102516330829497,0.0106281942754511,0.010884206145670037
0.015541561201636465,0.017649868476724336,0.004414784278738082,0.025771998691469192,0.016195009214622757,0.016309804257074335,0.017185655008888717,0.01008144362245777,0.013676626038728672,0.017527468345589242,0.045164331467482145,0.013824179095811457,0.01030044237267043,0.010626458169680861,0.010211556097902592
0.01630760337107624,0.017375621329142242,0.004477281216022349,0.024127191494129244,0.017296980370989395,0.016675805595764256,0.01711178223539038,0.010915540349539123,0.015175682491697751,0.018386103012291884,0.06306987821318033,0.014943645877341462,0.010640016597497914,0.010823727925982952,0.0105936407245506
0.015419104607091593,0.017283255090098877,0.004279191264817061,0.02375250204953734,0.015791040284587998,0.0165643209630974,0.016439753886554692,0.00980832317556121,0.013841836528652104,0.01682842971484044,0.03768431092794747,0.013791256758639299,0.009626451450759835,0.010314767603758868,0.009555827831759529
0.01487557364296316,0.017275841701230893,0.003951906295175414,0.022293114250172198,0.015034247651802647,0.0167957051882044,0.01747309460627809,0.009333672274887194,0.013101274921320462,0.016062828830517385,0.04992014970185246,0.0130344232967862,0.009046797198670558,0.010057941506775137,0.00902054482254522
0.015254285858291748,0.016671783618351525,0.00434645207414008,0.02184317759193345,0.014013926585341976,0.016366119974500173,0.026334911200916057,0.008687314422556694,0.012350562828181784,0.015761592049358838,0.032949680442113494,0.012346428535603297,0.008517334773492344,0.010161750048794427,0.00847695873610849
0.014413110780180776,0.01650455446605492,0.004021405315613156,0.02150623322306652,0.01409896374899718,0.016195449991812157,0.017058990188347004,0.008479458095235896,0.012250356709925376,0.016357883338550375,0.04216203582579662,0.012039896007291209,0.008376382595676374,0.010020732295147852,0.0083083119837112
0.018085242040592017,0.02400479431219565,0.00473680168448683,0.021113767998076103,0.014956323858793663,0.016049271273709028,0.025585942913981932,0.009927982491786695,0.013211036671829718,0.016101530268645692,0.030522792726288096,0.013027236687047772,0.01011314118280017,0.01182866673497609,0.010040048398525831
0.017372598634243668,0.020103892230320452,0.004319857537812225,0.020620292430424802,0.01465055252966847,0.015737191786258386,0.04453271264043138,0.009553845599800772,0.013105650794333719,0.01525906056175577,0.03607736178832218,0.01269210398657739,0.00900542426697518,0.011105949865107935,0.008874321529461195
0.017442332965673456,0.021263296432432605,0.004239894244813089,0.02023709767398763,0.013749634348800735,0.016877207895929714,0.02139708487201153,0.010364855075649443,0.01251827838525678,0.015021968208552007,0.0279164507776966,0.012232041967184009,0.010982415956186976,0.010908020845759639,0.010999679447061324
0.016513759091298305,0.020050016756550527,0.00382298848987039,0.019197921151819834,0.013910344012236807,0.015894084664786808,0.02905169682780454,0.010133514438546203,0.012728745802984363,0.01412476641832727,0.03240822643786683,0.012137524191626246,0.009725308181357249,0.01045821320542388,0.009645028359353186
0.016761370751835078,0.020401734397848727,0.003908460840395835,0.02024475122119155,0.01406760048963262,0.016316292676830782,0.0184438980413922,0.011473717100496337,0.012763305654212201,0.013723084866855475,0.03053932118214676,0.01258983125910108,0.012393164869078406,0.010117625625357054,0.01237487688690133
0.016623652803473877,0.01985653409554395,0.0055125168567305635,0.01933633445734906,0.015603393584277607,0.015778845081166698,0.024449251648929846,0.012615102894044645,0.014438001860587316,0.014329154952504215,0.03232796306325334,0.013682357010300895,0.012823381461238719,0.01379981926307293,0.012724114735139678
0.01621140014241731,0.019172060382551245,0.005731795397399327,0.018832110155168284,0.014427670839665917,0.017094552171332423,0.018296543343963717,0.01099808598869068,0.01296249810154626,0.01540382465707955,0.02849914675583362,0.012475916382520437,0.011530753127022288,0.01237469475997585,0.011433214221827826
0.015976212639439533,0.02025160010290708,0.005858593409877429,0.020897349333295637,0.015962397692496237,0.016047525281246193,0.027133953627214043,0.012264907016625366,0.014804732223351687,0.01723051428415203,0.0303061702625589,0.014281702749328747,0.01250396331646434,0.013035246796697555,0.01249867575128387
0.015125045789029854,0.01929664109249754,0.006503310364513595,0.019446550655528288,0.015454210511679176,0.016287845619365762,0.0519344903033625,0.01134352004084534,0.014012809189984347,0.016886824708456222,0.03148455702851629,0.013539681253742981,0.011547653415878219,0.01343427699535139,0.011477617796122948
0.015678103782016596,0.019477711626045155,0.006238239046179292,0.024324954497488994,0.017281950128847128,0.01576065060664246,0.028282302206678732,0.01230919100834618,0.015361489037428767,0.02159240343214605,0.029827055190254616,0.015229818264708882,0.012748489050512322,0.012886736821820488,0.012639179783967442
0.014916775528148327,0.018853476313084424,0.00639904422101495,0.019289245676008714,0.017519624373186472,0.015675830645482745,0.043722217253573815,0.012417756140165619,0.015393300861651655,0.019149358508320082,0.03467852415018354,0.01501445738736458,0.012599011207407472,0.01311462108171587,0.012333849166834006
0.015117676444368526,0.01929752445819962,0.006077580552228622,0.02202106475672585,0.01501701994733922,0.01561935247916576,0.040059312682277554,0.01142869522694792,0.013174465532595096,0.021364291280695905,0.026144260812308397,0.013246766666316167,0.011950078325935982,0.012683572172910426,0.01166204458424499
0.014745712197537612,0.018365578027396537,0.005836821753631126,0.022150178063809492,0.015655925635956837,0.015423034133847806,0.03131509126830437,0.011663619907511634,0.014085827551093926,0.018503217200910967,0.029466230001980395,0.013721950301258147,0.012032997762679987,0.012425981652140174,0.011819131316846865
0.014572239060575571,0.018326650549252775,0.006227281524182745,0.021220813411906292,0.014401479972394025,0.01517144906156237,0.031222716937027505,0.012406963439951844,0.013696311299593826,0.01846187487024126,0.024014433128054114,0.013486170001653643,0.013394479661014829,0.01248837524302241,0.013130589218636317
0.014018759131080017,0.018013141087204188,0.00580606734392659,0.021694866559774217,0.015235319323900905,0.01498487903727864,0.02487544804859916,0.011647627004291292,0.013856982665781094,0.017611593839254754,0.02682877159489407,0.013563425196088687,0.01190107412431545,0.01187531784920545,0.011604221292563196
0.013689303377330922,0.017548017007828834,0.0055138187108286696,0.019820771302204117,0.013752604203357277,0.014908558542887425,0.026934991674176536,0.010499959619947295,0.012406452117286814,0.01728039662972773,0.02512744011738259,0.012328812348996914,0.011123234158634672,0.011523767641110043,0.010921635179214097
0.014020333862747026,0.01789835218852694,0.006369268149261528,0.022523565269296372,0.013806182140138042,0.014678143404216592,0.020367446229622676,0.00987726267679198,0.012169226971701521,0.01680115451566223,0.02569668394514578,0.012072229123349812,0.010064481576382029,0.013016423670836863,0.009879756746083093
0.013463551635934726,0.017144863938370884,0.005844362188579954,0.019577142948966536,0.012942899728345418,0.014597701423722133,0.02272846558176844,0.008871210170695799,0.011230320173294775,0.01601552005403025,0.023791518472783425,0.01132934979210939,0.009289460424021272,0.01206557231841351,0.00911983017768921
0.014482533692763398,0.016819142518014512,0.0055940904840729565,0.020586665072187912,0.013746217831213164,0.014403592839815882,0.01940627196877838,0.00993647644918651,0.012132361708515923,0.016327635020395543,0.024185045817930472,0.012349582240860408,0.010367020106170124,0.011734537498854659,0.010200524324111693
0.013917403220043544,0.016809312098855354,0.005127974492160648,0.01852672091392544,0.013498827092281711,0.014533620336264565,0.023856451097222797,0.009436245808858539,0.011821302367028561,0.015742556634626287,0.023766884458754335,0.01210744999267913,0.009517844449180557,0.011337487730468212,0.00934308299902737
0.014293957430051251,0.016617789553325057,0.0052254748110253865,0.021183135381699775,0.013570775444937786,0.014239365800120064,0.019020476511282768,0.009903248120177802,0.012418455610103579,0.015691004190312177,0.023174311899417373,0.012440825394853578,0.010453599540669871,0.011714735590021707,0.010333275078807517
0.013719539547092747,0.016132132572984296,0.00496894151028341,0.017788710902730643,0.013215506810490602,0.01487220938400817,0.02250431712790391,0.00948628338048412,0.0122182131624149,0.014683060706086588,0.022702209043945105,0.012038992522524848,0.00943269904274927,0.011159698766747807,0.009287913590858904
0.013341187111746226,0.016491875129977115,0.004945291304300425,0.019348100018026403,0.012098992673902185,0.014396535849693755,0.016501739068633735,0.008699823782362306,0.010718597438193634,0.014036890417168626,0.022703838491420377,0.010988567172373271,0.009115213269620769,0.010869096289629954,0.009039478347238743
0.013624115243733031,0.01615804193309525,0.00460345986970949,0.016940866068210384,0.012663154261983294,0.015119093676096613,0.01842232409096623,0.00836216238320431,0.011236293700340207,0.013879347002998603,0.02451358184893556,0.011298580970560287,0.008436021847577716,0.010860914061146063,0.0083449442153979
0.013066846369486297,0.01624586675365677,0.004398669498346094,0.021924125090077146,0.012113136895012068,0.01485332454785932,0.01919686209340075,0.007643879746454958,0.010475590017709306,0.016016181405383675,0.024026814810766947,0.010651409962027715,0.007874629267242592,0.010392633330756178,0.007804095318117128
0.01409539410539942,0.01582553822163351,0.004734696332105132,0.017983828121519465,0.011596069913102094,0.014705118027467465,0.02160475523646957,0.007299419402783399,0.01013225578479045,0.014881205041367635,0.023132831558200995,0.01012640948448006,0.007266568385472418,0.011076041662398202,0.007209109290900007
0.013649072754890721,0.015925449742382802,0.004394707793285307,0.020319853106841982,0.011302145187966217,0.014628046570111113,0.016711502077671782,0.006665626243366359,0.009510530843496519,0.017100123685468493,0.024020296204036246,0.009767662362724054,0.006764957842743596,0.010427844194810859,0.006725797866686553
0.013324071689928147,0.01571633367657519,0.004159512905694663,0.017388082966491945,0.01121754173219737,0.014652348233062917,0.01702970926277014,0.006700536948236297,0.009536425598350792,0.015162254146284405,0.02454486811333646,0.010022300065803095,0.0066932392145073825,0.01011671240729412,0.006657796508510321
0.017069013641717205,0.01574087332457367,0.0038708258191272136,0.020660940689985606,0.012134541248923545,0.014768539100182363,0.016659708303628087,0.008263173097463456,0.011393736001429195,0.016983422179754945,0.025591735788256485,0.011461991574461053,0.00825359247534389,0.010002801811778803,0.008159340407634203
0.01549369682080958,0.01556411158142999,0.004015160541447318,0.01733911466893765,0.012181373109778298,0.014388600143417963,0.025129110086193382,0.008108261750490382,0.01162342592579601,0.01584638306805851,0.02285582001816566,0.011216626641236616,0.007572166090659947,0.009947121350911971,0.00741170132269069
0.01502599254730439,0.015627571942808616,0.004197154769621091,0.021298111209488657,0.01087698561175484,0.014395479941594402,0.016014600366391806,0.007183972629118247,0.009938998870300352,0.015783198544296318,0.023619191699982167,0.010078782832162556,0.007150834135649161,0.010127905435720992,0.0070247648374001095
0.014455417530913246,0.01530416849807688,0.003950274871571885,0.017635640002407187,0.010818818934453871,0.014203382151414652,0.0203704637675338,0.006993872610295218,0.010017095888355598,0.014303529461312555,0.022535554432010732,0.009832779153398552,0.006639305936015536,0.009690993760428403,0.0065304391611194675
0.013990868861491226,0.015032305903473537,0.003745586161895329,0.019453301807183826,0.00983146317298195,0.014004636069567998,0.01523030881230429,0.00628721861813566,0.008652945879827921,0.014046033268874438,0.023959153475798547,0.008954081283363972,0.006244532089756464,0.009376831690859119,0.006154945373462272
0.013678361191125993,0.014813354196000968,0.0038200906915715318,0.017143009020839126,0.010024465821353978,0.014042371017992066,0.01802025520460175,0.006689173956670744,0.009109494719279227,0.013416755517877028,0.023529264769936907,0.009285639218326478,0.006514087250325243,0.009376269685704876,0.0064955398527493415
0.013726782764574152,0.014556577551234729,0.0036077954333638505,0.01791123326201484,0.009366480364546634,0.015092682658060933,0.016634953585203494,0.006210404089759777,0.008158907729617653,0.013079181676656252,0.026650405323502158,0.008671177417122877,0.006057282416095874,0.009122338566707598,0.006017365065847774
0.013121250484862014,0.014338999318445645,0.0036771910160213633,0.016304775701612456,0.00939647962248093,0.014274075176653321,0.01512608907138164,0.005912974736210479,0.008044781638189905,0.01361463395897461,0.02213739506696699,0.008387090934896231,0.005747473764341313,0.009224971254913106,0.005727117633764569
0.01329104219831771,0.015812809624546776,0.004092448639138682,0.018229318998716413,0.011957666066841737,0.014423423635943747,0.01605914633289417,0.008615984970317214,0.010400290296342945,0.015781606498576982,0.025905558166402286,0.010665527957796413,0.009215306900456292,0.009763091982029001,0.009224435225812766
0.012730168783798224,0.015238992592043914,0.004001588705302908,0.015664719088324522,0.013125817868212139,0.015134341919320154,0.02270342096877243,0.00857295459267078,0.011067786151288514,0.029794715636240338,0.026539746446066947,0.010774327889892363,0.008433097597027235,0.009719664457556726,0.008364902884693859
0.015490641870860293,0.015073166219595473,0.004092413344889218,0.021035547555974424,0.01427772971415075,0.016727346416669862,0.03967774954574443,0.010591824494208287,0.012902845107768053,0.027303791773944583,0.025720521050156146,0.013251295350664287,0.011380348134750602,0.00974081982761061,0.01138176155367343
0.01436457056367723,0.015239448159507172,0.004250652089038783,0.015616863720714318,0.014823291121194177,0.015775603224436774,0.09368348358338965,0.01090109212959119,0.01383447358167828,0.02652189557008173,0.024495474329433487,0.013581898712670279,0.01054508015847988,0.010389928404246705,0.010450145704502636
0.013954247620293188,0.015769460383361758,0.005474059552232454,0.019014223853217656,0.012755897440385609,0.01688191682638773,0.03534984473438524,0.009310547314676444,0.011390837832422524,0.023088119099474214,0.02655022812239526,0.01167497968687807,0.009664455622664447,0.012910675454359826,0.00959749607222503
0.013644641031505709,0.020650442911795026,0.006034407849241391,0.016603498353856848,0.01352136064544337,0.01592068871983876,0.058653035004299185,0.010167241334213985,0.01221507732643291,0.022344538729243878,0.029008171035564256,0.012248053964738641,0.010312547259356647,0.013720351504625528,0.010284954496927588
0.013408043038545507,0.017934990226346415,0.0058149799096889375,0.017512517969153964,0.01239843184532502,0.022077388030832784,0.030128900599140338,0.009688919284728743,0.010576349140224513,0.01965162903271708,0.02731339535305938,0.011144451188916802,0.009860994944133932,0.012962122733327221,0.009823591714947913
0.013507691716333372,0.01844097403410067,0.005435549284674775,0.016013481818148,0.012459016417328264,0.018458787535661506,0.038229075853112617,0.00956210294236337,0.010978484926420546,0.01905875373813675,0.026919084657097504,0.011128816781091686,0.009637130342602253,0.012837511861704613,0.009655213725705367
0.0202447273028038,0.020238030968680595,0.00527426541949461,0.01650013809431312,0.0131835815943673,0.019977679556584648,0.025114423880249953,0.011027579832296984,0.01191710332887993,0.017972218531424416,0.026980033601730354,0.012196976059536261,0.0116327111242084,0.012284207257263043,0.01162391925959767
0.017833555587500965,0.018656439456291883,0.005195120592356068,0.01672392420101459,0.01346428702938163,0.01877306348289011,0.02586101121213231,0.01060138519579056,0.012429623466827446,0.017377178874487097,0.029128194826728397,0.012237560080121326,0.010298895874655638,0.012508820492446,0.010211337700738423
0.017743978922744482,0.01948054408056553,0.004865544445662706,0.01569363535135252,0.01192047385124267,0.01910281956415415,0.019107466007601933,0.009457784273330444,0.010514275088356027,0.0160143693826403,0.025711273137588017,0.010938928372523592,0.009731089047420092,0.01190220801298872,0.0096944503885793
0.01688024019482014,0.018663860512749087,0.005043300760166075,0.020910962759938173,0.013012235341457694,0.018803687675368407,0.018934265021796598,0.009289563038951782,0.011538962018524146,0.01648452337826447,0.027662599456248715,0.011518574266483506,0.008991938069487783,0.011815175468592707,0.008932889643473982
0.01603728065578055,0.018204394441713286,0.004771586299284439,0.021346771534500264,0.011762645060879675,0.018455347792958023,0.016089195528840142,0.008175367513156477,0.009984531633619956,0.015285355727465226,0.023957144052771374,0.010291279878319032,0.00832078598238641,0.011678036537847873,0.008263584270595864
0.015464204630927243,0.017701944457258697,0.004916843275814833,0.019682503684280997,0.011534019816321737,0.018144444807937424,0.017534490242848266,0.007933515537658132,0.010057001091455284,0.01486203890980762,0.025619063048603164,0.010232132844075828,0.007715157249795838,0.011421664269400182,0.00767678610866947
0.01480676204694112,0.01768103110343616,0.0045986232297355436,0.01994394133817181,0.010858693417184541,0.017826622625377583,0.016701148669285733,0.007105717375735724,0.008845952944618644,0.013729404033699806,0.023427435333822074,0.009384928658784729,0.0072250058894315775,0.011353325978011024,0.007199179129633498
0.014184201904573212,0.01701798041857549,0.004478414026933198,0.020344261515183114,0.010695912340158447,0.01754730962337429,0.021001943491889143,0.0072606918660030415,0.008760255982832109,0.013543684997197708,0.02467496418763193,0.009192301440523281,0.0074953829118767756,0.01087599767103483,0.007476388806617954
0.013646624571121592,0.01835779751835772,0.00416137818858843,0.019000061396459034,0.01077648003578522,0.0172382378883287,0.015465768480449577,0.008125335856044021,0.00871598316856709,0.013028633083375884,0.02355541649911759,0.009254746071844056,0.008454124269705765,0.010524471315590856,0.008393391373553856
0.01381623913477476,0.019643263781763134,0.004251805229493449,0.01957944188647001,0.01269108379307766,0.016958473160039046,0.02004315829166308,0.008592513124606288,0.01041679757502969,0.013566474201507514,0.02893942025116408,0.011063443228338356,0.008551032524220105,0.010356086962099054,0.008512439860084407
0.013176455972819568,0.018352451512690243,0.004012870040394595,0.017853367351327715,0.01212658095292505,0.016813391310431792,0.018931794172693504,0.00782525750338619,0.009877499462533957,0.012647173538861474,0.029898092608710014,0.010537705036447414,0.007873800121399389,0.010139563405003285,0.007831265483219985
0.0130101249364718,0.018267603786385846,0.0038351728518271973,0.01912120189551704,0.011346352374517856,0.017168324139328332,0.016836727355607893,0.007361672119818039,0.009181527617863332,0.01275086214172068,0.02654634770416967,0.009815465285467517,0.007288389271507544,0.009793989858559126,0.00726176399149697
0.01384709700343491,0.017899707094922678,0.0035327281908598706,0.01848223276994061,0.012054985915141354,0.017696725347889165,0.017287414489164234,0.008453956651687695,0.010479574641937944,0.014137803987748644,0.02680368350986711,0.0105402868443257,0.008628711292430903,0.009483278586073281,0.008627362264439047
0.013095159221835065,0.017771495034116392,0.003533651946950261,0.018535161671353485,0.011859567564294165,0.016989882412634213,0.015628104703046045,0.00862897244284049,0.010580614212709711,0.013378488251952156,0.02545619019126307,0.010335999616439585,0.008545587555613618,0.009259996708288629,0.008551620372467797
0.012867997719692102,0.028449710731095288,0.003524152835636985,0.01873520953524047,0.015668673089985468,0.01694579913971704,0.01663143500852277,0.008539287641703034,0.011877137122745485,0.018968657044208102,0.06481380860310276,0.01258478174555767,0.008530870112794986,0.008948667876856579,0.00854484714465071
0.013174489364769289,0.04248174438884247,0.003356568653130607,0.017626829396826003,0.018343201252528304,0.01657661881569271,0.019759626319115316,0.00972291488092618,0.013818435425139088,0.01804364720660149,0.09656090363554604,0.015138993513469196,0.00939728844942064,0.008954889172717395,0.009428119456791985
0.013004490931608057,0.034985015143366556,0.003907178648614562,0.01766777086415927,0.016714453105742384,0.016367638599096894,0.029334144436783265,0.008952140330367668,0.01253766431989988,0.01760599859902575,0.0523300010089971,0.01414823231904339,0.008459712045397215,0.009046670478360401,0.00844258600660154
0.01256370655112064,0.03587869799263143,0.003749350632782158,0.01677423827742879,0.016120747983305785,0.01610195773427995,0.017163095531972466,0.008527241996994861,0.01213797458852967,0.01624675373057544,0.07738244980779638,0.013252547476413046,0.008317099886750928,0.009001546429292472,0.008318427715856704
0.013215634164580272,0.03415487043977982,0.003688149583712808,0.016628267183295662,0.01511314977314971,0.01625254369772167,0.02281916076986352,0.008853741207537095,0.011847132631534828,0.016244616777545205,0.051423873810808506,0.012964431494195423,0.008482517026276568,0.008710291581787518,0.00850082867741553
0.012629526064303256,0.03378608070085786,0.003978625344446302,0.01597389387693462,0.014551955635009977,0.01603453528125177,0.025501047112749108,0.009571076996438334,0.011812346434969822,0.015014255725448058,0.06369351309774976,0.01229408250738165,0.00973827669493354,0.009002304389309759,0.009819270119838758
0.012714391720387299,0.03209967620603261,0.0036959149021970994,0.015985513813927973,0.013400149926564166,0.015779092289572014,0.018012235451124247,0.009045012817689801,0.010813030442382056,0.014521130765024095,0.041711149857552775,0.011467091404175442,0.008807395548275239,0.008577851633721533,0.008818354709649897
0.012301477964890298,0.03127397128827324,0.0035244473537501247,0.0154700399410438,0.012817088611415419,0.01556560830836799,0.018996113804039268,0.008147016777995156,0.010192871537521549,0.013789090336209826,0.05044225281987382,0.010692156523308002,0.008141486198522601,0.008501492522896375,0.008175216956768965
0.012421505942434397,0.029670549938733193,0.0038843459563774304,0.02052396488049988,0.013817172043855786,0.015808129880961315,0.017247552909119248,0.008148806297151973,0.011319465289920979,0.01817090587807286,0.03628297557170285,0.011929996288861598,0.007734222903247287,0.009245034607812244,0.007750142503755739
0.012936987558023591,0.028832055438125632,0.003981432346911412,0.015417708519702528,0.014090783355448023,0.016019062798112174,0.025423573642184127,0.007944703419988477,0.011767722784712158,0.015946633944918593,0.04364201065025637,0.012226517457715795,0.007486729016039745,0.009310745058836558,0.007499208344926244
0.012373570836529098,0.027437448122960294,0.003806695777876788,0.018575209513989756,0.012611221118370175,0.015518360198489387,0.015716986657057654,0.007460966737566076,0.01050249265550623,0.015917523954479824,0.03218170733407657,0.01123900708060661,0.006927291248299404,0.008908811625173938,0.006930621201862616
0.013047157325014375,0.03297369409224415,0.003630091384014348,0.015490379520350482,0.014072781899681646,0.015436278355384582,0.019556543597528148,0.007638476122563821,0.011386739489496598,0.015164086216952095,0.03586641680510322,0.012050391847007317,0.007398164623579257,0.008675736960390217,0.00744542689072622
0.012508839141604066,0.028918041326201495,0.003775023404086997,0.017056179675235116,0.013431631572763843,0.015118748772305875,0.021347621755189037,0.00763336086292048,0.010785507381267302,0.014912633965521994,0.030018816215401384,0.011661285854085572,0.007225732010389003,0.008852998962704594,0.00724020218185301
0.012216602502985563,0.03157922619986363,0.003496412904082734,0.01490583063878675,0.012825808413943145,0.0149625671980289,0.0162580456410052,0.006969807244188512,0.010168752242161,0.014006990883839306,0.035904735770908185,0.010991176940440835,0.0067027268975812185,0.008753937664278589,0.006712864212439054
0.01235276474370271,0.028642700574068435,0.003984973847279715,0.01624632853952019,0.01280645244525726,0.015010467033597463,0.019257800885475188,0.008147295667001467,0.010514348360146832,0.017779430647015954,0.03252654462209808,0.011116550671326254,0.008045131015613206,0.008857533672767771,0.008197968644563484
0.012206299703614929,0.028808540733558846,0.0036981021232360234,0.015117148147443032,0.012490246592829976,0.015076687351664654,0.02579738339882546,0.00795897154205482,0.010401297214990706,0.016985694996281636,0.03059893106188703,0.010760093404018643,0.007503583181538908,0.00854280851511268,0.00759988177435775
0.011864811337374442,0.027024046320298725,0.0036010370658353164,0.015300144949380343,0.011967763420765283,0.014827941425006728,0.016875894757782485,0.0075386496636765535,0.009587661835823923,0.017213516669271064,0.02859656344211925,0.010155388149863174,0.0074736082673111815,0.008507711565819477,0.00748508278343139
0.011868154245960692,0.026985060435339644,0.003323527189655689,0.016330963738011545,0.012710604636461509,0.014630985560677174,0.02060157664167885,0.007688846630496296,0.010033266333475878,0.016427721116497512,0.028923980756041676,0.010861216334294039,0.007370835386940078,0.008204233123905207,0.007443738192977975
0.012669405518758394,0.025561739383981017,0.00366875121495666,0.016330464082279724,0.01279462308268891,0.014575467122687168,0.016755581788897536,0.007277882901538508,0.010261492908604525,0.016979360860838302,0.02688621919545469,0.01117496704921511,0.006915779788471574,0.00869130788813401,0.006963220716400874
0.012145801494747746,0.026132064116858165,0.0034507048259825503,0.015652998130473994,0.012197087290689999,0.014288832747453755,0.01840307042989707,0.007618876316141388,0.010028192296519835,0.01639499905272808,0.02630191342318129,0.011042611812744987,0.007452124805752406,0.008709625074497955,0.00749515194336068
0.0123047214956516,0.024431386818266444,0.0033636436439655444,0.01952831738149742,0.012565806702304488,0.014557309928805561,0.0201235334236116,0.007721891089048492,0.010723899373560702,0.01741944629083733,0.028537755327874694,0.011792720947785114,0.0071630238953411555,0.008356023944771574,0.007181531642630626
0.012783159444376923,0.02583905141583271,0.0031511378919552514,0.015346813767166565,0.013151220973189522,0.015253553601963909,0.031216254631858304,0.008195072677868894,0.011450521814369275,0.01695440577994557,0.030787025615092247,0.01244819788496524,0.007983620088039194,0.008143238677815766,0.00804437779258045
0.012363393902699743,0.02384544788028285,0.0032269697960689357,0.018516896381016713,0.012929155947219518,0.014902671839128008,0.027399542517278688,0.007734221488193864,0.010794002692349855,0.016063725922734008,0.02844459357109945,0.011860307656314698,0.007251497330954121,0.007971698737862229,0.007260929802578256
0.012046750018162234,0.023921882956160944,0.004044694554367985,0.015383664955014285,0.011639422231116773,0.015000867833073594,0.02299766903225341,0.007091082532785458,0.009912807728805127,0.014972214229256937,0.028488217445296136,0.010865081653363915,0.006908594402665732,0.009325894309674773,0.006928938844153833
0.013931620609163017,0.022643769460286612,0.003892081346437263,0.017060067075895503,0.012255997407043822,0.014745896517107086,0.022763108218878152,0.008020721645136755,0.010646299710330678,0.015369582919933117,0.027126172630096725,0.011567584856980279,0.008003803445496283,0.009271371383582923,0.0080493070553829
0.013403297378601802,0.022170897145140436,0.0038478665355193707,0.0148086736329701,0.01146018257910756,0.015139975823277023,0.02222672724156188,0.007572310698364579,0.010293444703547927,0.014528934968785361,0.028840691282270802,0.010909986879631515,0.007249718614486811,0.009040914496691367,0.007252906856129047
0.013237474135591471,0.02207619618925441,0.0038640756318923603,0.016607601840628858,0.010999425445984248,0.014710051868264629,0.019536336542561414,0.006922248128760636,0.00923885118996056,0.013958883760989775,0.024362402143600078,0.01012321113232052,0.006860394315636641,0.009141343036445714,0.006942395877906009
0.012732991271149623,0.021801048690545936,0.004329912451540929,0.01520998892896259,0.010560581667024203,0.014697737655552346,0.026505687331451592,0.007516128061247414,0.009272674568282704,0.013446013106419739,0.02565356675625339,0.010076749447884243,0.007457363050051311,0.00965094304928919,0.007599818275247587
0.012636708046603867,0.02084057650388016,0.003952714298465203,0.01566004934614603,0.010271305470143193,0.015619017708104904,0.017702373601615126,0.007292151326955609,0.008779596225316145,0.01383734544457618,0.022913813000065106,0.009645879179682251,0.0069862280099944555,0.009282109398734318,0.0070527526195511055
0.012959684661044269,0.023219564182678523,0.003991902463479099,0.017284811302272444,0.009702190748164821,0.01476831400861655,0.01981408214902554,0.006749459471987701,0.008493170512640981,0.014499905912659518,0.023715375018904982,0.009076597138220262,0.006567017376434094,0.00898261918141046,0.006645535323096014
0.012510748542620593,0.021131677456904488,0.0036921227236063857,0.015143442144547645,0.009351447854425085,0.01675161589140308,0.017770114186090608,0.0067165718243874075,0.007878812250953595,0.013608651224074165,0.022187703172974204,0.008707066414603453,0.006606511916427811,0.008803555305175605,0.00668089465311891
0.012453292597966842,0.02107890634313592,0.004532080300554512,0.01679090492187204,0.009725255303663643,0.015306588520891612,0.021229587429872004,0.006926609992895212,0.008681605036012598,0.013969838856347318,0.023831689761765307,0.009232084493010492,0.006904641674338521,0.009062901850653799,0.00692576492928249
0.012076332687078037,0.020081478655085087,0.004564477456859826,0.02162788441587051,0.011078089727652604,0.01612213330977494,0.02987298850538686,0.007385112334220867,0.009681818232666475,0.014182181156510171,0.02791404493464345,0.010554741264083201,0.007093152181069317,0.009135417629509025,0.007147840822951243
0.01178853678292407,0.01958303014312826,0.004698589231062072,0.0166188754334039,0.010797845697665797,0.01712259807595129,0.020249644135691587,0.006981146623164621,0.00930157496707275,0.013647691536465239,0.029286018588068733,0.010125059329524249,0.006589262541195291,0.00889939883108211,0.006623097921137153
0.012766174110529797,0.020347901182429733,0.004275230397016001,0.019720276355072758,0.010537902848558206,0.01622841123393196,0.023566951058745907,0.006532125302791327,0.008659869919707486,0.012981391817448557,0.02611138268918837,0.009766490197407772,0.006294150062666267,0.008587580933613894,0.006334183128532728
0.01218347058897907,0.019345507052782797,0.0041436692537488665,0.01633085177258954,0.010729792702918062,0.016418379158723975,0.017080683572690162,0.0067710576391337195,0.008760699182815251,0.019023324035624404,0.027408975622001872,0.009799988174908916,0.006574554208263553,0.008415352013298192,0.006640971324362303
0.012090159940676564,0.01892967632927749,0.0038487900607666165,0.018797364587184593,0.010029617415548872,0.01593860732423816,0.018253653978124576,0.006388425790812586,0.008130187548603084,0.01721018271651449,0.02523791364098182,0.00908437135090552,0.006136419509508112,0.0087412831077871,0.006167491514027773
0.012427112931112061,0.019043415766907344,0.004085615584659785,0.01794591382993455,0.012947345279056395,0.016598998905998957,0.02109915180426913,0.006828957567796623,0.011052945382178587,0.019344394923487523,0.027118342578055815,0.012293172600743424,0.006688604294206232,0.00902550611810306,0.0067090981087846715
0.01226188533155822,0.018371431705336096,0.0036964586327665645,0.01761973869357089,0.01303769967885718,0.01588043168478503,0.03555174412044916,0.006584901433408126,0.011337723563434347,0.01719803383405809,0.02942719682622977,0.01221784085532551,0.006190625385770329,0.008584686789421914,0.006178351410723437
0.011951672156671147,0.01793020718460313,0.0036483168677555427,0.017295836340189333,0.011462146990385575,0.015974859613890478,0.02704043786525943,0.006211461627055112,0.009687727568013546,0.016995601778088357,0.027684893794546816,0.010787443911805125,0.006072047838055321,0.00840781226370375,0.006050152498474912
0.011712768527819108,0.01824175352188951,0.003329245384586904,0.016599775580270208,0.011894052463015482,0.015585310289403787,0.025453830219981367,0.006094961655990503,0.010024390573481234,0.016223831903469366,0.026466698384660557,0.010816206193300058,0.005774593266010849,0.008132838127672725,0.005767146438012012
0.011498219378820295,0.019868376114360962,0.003433160326105034,0.025361722340246452,0.010887675400573915,0.01560476597780734,0.021370912607584204,0.005659991089030404,0.00874564757828019,0.021690156657269408,0.026303553503569718,0.009841794665872688,0.005504818302052414,0.007887101264578552,0.00549608798259894
0.011617088616721725,0.01836006855393829,0.0044120020413929515,0.016934436889118477,0.01076658749264542,0.01523156290378581,0.024267661866968236,0.006115540963703303,0.009119171755729454,0.02038766810669367,0.024227866241485894,0.009722388023120112,0.006221952321037888,0.00951481606520835,0.006267878642133942
0.012059533244988938,0.018295592192546232,0.004212868146728879,0.024025454118000167,0.011533309968070676,0.015157574796919903,0.036669972651611864,0.007070779159241322,0.009981895875047874,0.021295040768451366,0.024306236628092833,0.010706426280600406,0.006970589540510555,0.00887837424842787,0.006975565322619844
0.011650056016589352,0.017604281839562582,0.004045712231674678,0.01695110496751404,0.011772350021468063,0.015033097788065237,0.03660949090622796,0.0068167408827591565,0.010181731379253475,0.018910491605478523,0.02341788943830129,0.010686974540357776,0.006430093219058477,0.008689978397098836,0.006407894145337161
0.011616236888896203,0.018685112175479093,0.004377148081917552,0.021771751007155952,0.010354322838625939,0.014795242365877773,0.030184463100047517,0.006359213487686999,0.00880481246746042,0.018358988281996363,0.022693605102816105,0.0095009640147948,0.0062875268009023565,0.009638868331540158,0.006312163377191057
0.01282173617843006,0.020473329443786083,0.004225083711586738,0.01887297538967712,0.01429363676844252,0.014598359371874621,0.027728630960429313,0.008847832787088962,0.011864471850822154,0.01948766304717696,0.026692774136943247,0.012578708095162981,0.008808332141961165,0.00952927576482628,0.008833337240199152
0.01254840148748023,0.019115377446022888,0.00457614446061717,0.01990288447247887,0.014251019686592767,0.014713241077630385,0.028769269899295985,0.008615311366502964,0.011584826440654908,0.01801827126063614,0.03147625384537588,0.012088424948455382,0.008009048067208374,0.011352452032754019,0.007945891037645748
0.021578759504653874,0.018903468914072324,0.0051098715421081095,0.017834441454070236,0.013275513687890293,0.01432638597112428,0.02089572690580505,0.00789747354930925,0.010551006581959925,0.016860767758556203,0.024047790306694173,0.011141633022641201,0.007815123019278048,0.011590251601430745,0.007849119479868353
0.01985061943774308,0.018924564170325626,0.0047601847894259905,0.020417509459984468,0.013295079227585146,0.01438546177078253,0.02191116412063394,0.008248482701596444,0.010521139689681307,0.01586029738359094,0.02741488845911579,0.01104587965410208,0.007954592209511335,0.011356523182055624,0.008029303117375956
0.019002214574471873,0.018978671556598183,0.004670371471248862,0.017089220571240765,0.012368099596470426,0.03570947709750068,0.021428518671266904,0.007742424379811409,0.009610663238711141,0.015789928688966476,0.023734483402242344,0.010696281405887666,0.007639244359842562,0.011379611879611342,0.007681696148101841
0.018221119674858136,0.022263501286079013,0.004302724127902767,0.01932510877104249,0.013446630875341264,0.02529815335569818,0.020590519504716322,0.008154178936303505,0.010246200811372577,0.015452560705968873,0.029776395254962448,0.011175095316586796,0.00780544025567396,0.010945800340289158,0.007843930661814021
0.01721086984358329,0.0202319166971866,0.004579530985878938,0.016375346656513814,0.012396416581114093,0.030610872079370507,0.024127564433622194,0.007593423241708491,0.00969060538907862,0.014549135253231012,0.031689064313190934,0.010422097188578108,0.0071543120083335495,0.011580274535533614,0.007166265302838639
0.016339258635276598,0.02089329259923865,0.004332162565009374,0.017743098999837562,0.012189752085196353,0.027036885333419948,0.0172952274023421,0.007027678889876959,0.009214093985149482,0.014044753066748022,0.028546722665710608,0.010148373716170429,0.006709842639151181,0.010914380290410077,0.00675025467640628
0.015783811531728045,0.02163941470951385,0.004170807970227213,0.016259319316613615,0.012468705028686964,0.028519974932823725,0.020852445978880665,0.006967027731419928,0.009597339308864243,0.013643972356837111,0.03721971065214733,0.010251196538489429,0.006594727096984202,0.010591114601403679,0.006647594652876177
0.015655502817933688,0.020891183302756907,0.003917666817542497,0.017103056041746223,0.012655610140241833,0.027047425240057436,0.0187256990600864,0.008153296546564335,0.009790515756705245,0.013324103611488948,0.0379721807575579,0.010581449810353543,0.008278659527754433,0.010338780527014792,0.008279108667852813
0.014992304096005942,0.02062657931659308,0.00388091806199861,0.015810050432217553,0.012386271338089649,0.026993653606027616,0.0206688781897307,0.008471094147068509,0.009985611224304039,0.0127548100243426,0.03133169808133533,0.010866304253555129,0.008277216319731355,0.01018938608187035,0.008249890925727614
0.01542542220077652,0.01995676148619058,0.00358267067768269,0.01623331267573523,0.012581858808377859,0.026482823849831028,0.025779536173927715,0.008398658078707275,0.010307555925482046,0.01312976853831125,0.032232152928950736,0.011125885723330358,0.008465765349616567,0.009847998309072532,0.008546842858025459
0.014526382724557956,0.01933310499845798,0.0035036485068341856,0.016607829755469455,0.011764337388271193,0.02616925787070323,0.02838267822351583,0.007961097914579015,0.00984859438020336,0.012405439926156994,0.027260028492358205,0.010559825186536736,0.007713174645888724,0.009550648437918719,0.00774819650773031
0.014163613906826689,0.02394263995736066,0.0036765569068183935,0.015539422354003983,0.01255640658155746,0.02554862813881885,0.02117544371179108,0.007724655238483971,0.010318555225270865,0.013503301961582654,0.03528639953555571,0.01113868216657391,0.007571577399451955,0.00998803069965755,0.007638554010363459
0.013739997017709275,0.02136735721538839,0.0034654484422776337,0.01562783954559466,0.012263824049467109,0.02511857512984991,0.02603271460277761,0.007522774714633033,0.010219418570311365,0.012482098884345845,0.042716637726334154,0.010851187193491419,0.007148186483698431,0.009701156694097346,0.007202511501123847
0.01500196050617757,0.022614124465469256,0.0045748343142960465,0.017052272128367477,0.01272841328877586,0.02457396499389717,0.019283969256914585,0.007986046617229405,0.010375255391814314,0.013276905393613488,0.033670845490130816,0.011095998054434881,0.008018139161462998,0.011707644679679864,0.007991199898990598
0.017124914962897562,0.022808307297238137,0.004197602695773005,0.0166758602741344,0.015236764913838121,0.02425104912105147,0.025805459901256794,0.00998255041070638,0.012980884801041837,0.015022252538997052,0.036989729545814434,0.013592384864674172,0.009768709858398842,0.01089206281893166,0.009593443777884838
0.016231791067914177,0.02160070549144415,0.004080768005337142,0.01601323769498917,0.014668052096309132,0.02377862071412454,0.024714045231246852,0.009693534690271784,0.012501043575952648,0.014307002679275219,0.029722451075301484,0.013039918126291888,0.00912768331311593,0.010628919502720859,0.008883990721526576
0.01571711570968297,0.021229792245891613,0.0037342221428971496,0.015886409974221458,0.013797068791435448,0.023308273335015568,0.020105464911798654,0.009029391564337484,0.011712564637135006,0.013679935612202217,0.033482001231865025,0.012196517262130118,0.008707911772127432,0.01021291402516515,0.008557181090370191
0.016512183248791102,0.022856780375902906,0.004226123707584282,0.01768223488624262,0.01468467890912862,0.02285733244431474,0.02284933089642657,0.010005360553653569,0.01290575870413458,0.01388378372287706,0.028704094374705478,0.013649363413694186,0.00991903099564561,0.01029487394384302,0.009766865338296422
0.016591459473431804,0.021052544148899125,0.003777001344648798,0.015571742906380318,0.014341696768035166,0.022593226478505878,0.024777309127393985,0.009484923444066802,0.01266170684258847,0.013087181586523517,0.03289556850816531,0.013134123337185803,0.008987015860371754,0.00982019356924383,0.008810979497022744
0.01562568523166602,0.02333856777998563,0.0037532086957313433,0.016377086060655667,0.013190051689770957,0.022189099742048066,0.019284609786989867,0.008511919958231926,0.011280263767563348,0.012737801287060414,0.025491826009224363,0.011906207613883628,0.00833965326214384,0.00958868720466298,0.008201821174062329
0.015150044702506991,0.028567345838974245,0.0038023463026091516,0.014951467108513306,0.012656956965223932,0.021767914602604903,0.01848303809880214,0.008010881811580398,0.010864588244373889,0.012141602091265922,0.028726077252047358,0.011402095423577407,0.007673870839345582,0.01027846814112479,0.007566366367955359
0.014431201423217434,0.024946299900699506,0.004162524186969382,0.015301744427568462,0.011678450501478217,0.021352905730175474,0.016180214043772154,0.007358523561933873,0.00975297964050482,0.012894178804094934,0.024957023626278642,0.01040285458998418,0.007468676208578724,0.010486016184082554,0.007398934737312647
0.019226741086698012,0.02503218560477782,0.003789820520448295,0.01474931334282239,0.01180788668383894,0.02095635227979112,0.017581532504399228,0.007817945560217187,0.0104226265469389,0.012142973453496233,0.027140035871325265,0.010574822910584094,0.0076645156585871,0.009990603459851645,0.007650345716272192
0.020366538340158398,0.024443645248322668,0.003857538901266561,0.014569125539168585,0.011903713335087957,0.02123629976463372,0.014632661545801964,0.0074129063130345604,0.010057690011895078,0.012569027572391207,0.0280135926971239,0.010304456557725805,0.007243848518979839,0.009699392247050413,0.0072019171312866295
0.018843194872707816,0.023338172484808576,0.0034811944046931435,0.014260690837915759,0.011478625680868791,0.0211082846166414,0.01487183736084166,0.006887717607918825,0.009374576193011897,0.01262600410113073,0.026458497327188493,0.009800820039596363,0.006739147480873581,0.009410414724090708,0.006708414420111747
0.017985099005286977,0.022537508887973793,0.0034456820330610715,0.01389401351203662,0.010787016963833784,0.020840049498783528,0.016331155491536697,0.0070572378244930034,0.009575297351266592,0.01276044921856349,0.026303658257521415,0.009866637806090435,0.006782175155753785,0.009312093608560765,0.006767333080023308
0.018195049732659455,0.022554817695223557,0.0031199232159735612,0.01428354009322111,0.012154965617705776,0.02041661047347841,0.026751477684577245,0.007297195400519314,0.010344693509161286,0.014199886731207523,0.02461863029090659,0.01049668477953968,0.006893757078226054,0.009090900063653092,0.006856729685723848
0.017623850180661187,0.02156705453831439,0.003088145758478201,0.013736557693204879,0.011821135395493796,0.020064262249751046,0.02090634034251819,0.006861585628632284,0.009875245908621717,0.01390747768705746,0.02436247310442379,0.009898733201770009,0.0063940071306673,0.008761718163799665,0.006351854590073677
0.016831024484111008,0.021933742553979407,0.0028726833655255716,0.013960796619349028,0.011020935712518878,0.019942994442243202,0.021758683934658782,0.006906056357704074,0.009223976723266209,0.013550388053621973,0.02314711990504016,0.009650154251195262,0.006912553205253079,0.00873360748346059,0.0069064159240644785
0.016086539810915932,0.02224579782331534,0.002893024215250655,0.013365255721705051,0.012585003691180248,0.020604247434379563,0.024813639090989385,0.00852171406514261,0.010863321006978656,0.016302129040618132,0.025302889806043016,0.011246521482297402,0.008555502615002337,0.00856688436422602,0.008686029364112046
0.016214731141332792,0.021023975394201696,0.002651289057523617,0.013407927127233371,0.01220837952325666,0.019773575854168068,0.03179786532655966,0.00813061360441581,0.01067014390839213,0.014796576738570176,0.02817744411877948,0.010930134733546138,0.0076880728905417035,0.008420952367427584,0.007723675197983662
0.015347458190696028,0.020504125958370464,0.002707804578287325,0.012876440167082162,0.011209676983094923,0.019703573070915036,0.02023337220690141,0.007368556013368601,0.009443366352010195,0.014501661936554569,0.02346760868301301,0.009914473596672184,0.0072840218675609535,0.008396018753068349,0.007342009883989663
0.016551844351664794,0.02064737933337532,0.0025151499692796565,0.01723435652497406,0.012434099722086027,0.019350124025225967,0.023288508636820165,0.00847184636869102,0.01115861830372537,0.016462723861179654,0.02731665940643719,0.01114016482200062,0.008079359540347575,0.00811823141968657,0.00817610423726423
0.015797934910473307,0.021784845845927235,0.0033634893034664385,0.015911963767408114,0.013461796679185472,0.020862617613324076,0.021323521839347364,0.01036427522699867,0.012993207068640983,0.015230850777125621,0.02788884121682806,0.012593029032201442,0.010642252343240505,0.010867913368070692,0.010667459573116805
0.015137169109348387,0.02174669117094041,0.0033136703304114377,0.016086658013963338,0.012868370443546209,0.01946378313644336,0.02047371675684633,0.009917402826105287,0.012633757715650604,0.015007405970704742,0.028457794717328216,0.012138419842408875,0.009512287650110805,0.010066925868604528,0.009462306064486291
0.014600423013119555,0.020725025024700874,0.004210417509534708,0.015211296304747872,0.011901315890340653,0.019684372135314234,0.018586533286755188,0.0088260519599887,0.011274327827313356,0.013879737797048904,0.025452175570280476,0.011005321040432019,0.008879797844293373,0.012159104330104656,0.008868913104953514
0.016532707946759283,0.021527607112466374,0.0037518834844258,0.016755767739825452,0.012990491954903654,0.019056114144756293,0.016877510580090564,0.010478371922880658,0.012718428683803074,0.015151269109715529,0.025820027715660054,0.012098780175311083,0.010646297928756649,0.011173639469415884,0.010668789582438618
0.015675838243417315,0.020158127069090714,0.003944853304922458,0.015484252187295102,0.012587290660936399,0.01887204837730429,0.016099750753887462,0.009766671659417261,0.012023262318003188,0.013757529167722563,0.023866100577150124,0.011360226689967773,0.009460197278767256,0.010995202204631831,0.009406157610741522
0.015012951332132556,0.020547539351462064,0.0036031319909925314,0.016265710179000203,0.01183392391658735,0.018635738670191873,0.01595348450294516,0.008980264725268394,0.011079211373714308,0.01356766167642056,0.02405910419913499,0.010851668523419683,0.008974819318608907,0.010567937258049163,0.008972571912312937
0.014353707545457683,0.019458560846189264,0.0035531942896949694,0.015371874681316117,0.011548970598704654,0.018591312061585433,0.020507084812679245,0.008536976044406447,0.010560954876345225,0.01271980528482203,0.022827613014984326,0.010297431944473183,0.008312686996623358,0.010190372675297153,0.00830232169067353
0.014544046190134125,0.019064889288363182,0.004066011057076262,0.017471192240641854,0.011173360980536626,0.018110609060194734,0.018123303876217876,0.007726638119391676,0.010098643397180439,0.014216415617642437,0.023636284726253218,0.009882393643272926,0.007674900116754508,0.010964207154298477,0.0076661011496602476
0.014176427760794636,0.02030027099329365,0.004832351644560122,0.015652458450996533,0.012893887423503933,0.018920241499705472,0.022893994367001604,0.00938543399470746,0.012099524623121501,0.0166671615959519,0.025925607553714713,0.011594208408458213,0.009501372724329975,0.012045579168871697,0.009551891298566276
0.013742466700111922,0.019147851641980088,0.00495452609067307,0.017700879869842916,0.013023051199437603,0.018151347924346153,0.02133735784606563,0.009310219753618296,0.012736075283427134,0.01649645069445576,0.026249958000275252,0.012019101641226658,0.008919634858741438,0.011934919109594851,0.008904749549329656
0.013365552805277929,0.01877606125395502,0.00466930428653874,0.015109591091183212,0.012270151347376787,0.018554613818464117,0.02056796028459749,0.00837932915536831,0.011741032383798615,0.015462457757654409,0.02403781373764197,0.011211199848399215,0.008212210378538748,0.011487149126118163,0.008231646060992508
0.013684480454921828,0.0198186312086669,0.004576580471175406,0.017466608422783376,0.013246516376145736,0.02043002190367257,0.019464154436941505,0.009161151060316824,0.012359306759664367,0.017017102391630134,0.02490063436538835,0.01192877104990935,0.00895686124534444,0.011601190770928048,0.009005694014697845
0.013261889749870486,0.018882737216525555,0.005594724050840085,0.014770471729097708,0.013132451889668582,0.01902321025876148,0.02913249368467173,0.008795452477268798,0.011977759501906847,0.015612511078792957,0.024367136109910464,0.011467495268504357,0.008435218242193348,0.012897610529210258,0.008474235787962477
0.012926619063211943,0.01845248128611965,0.0050646733264714605,0.016168795931399416,0.011799102320836783,0.019470770326436338,0.0182045834130441,0.008174250651540631,0.010732232632840167,0.015211018624708311,0.023812163897446684,0.0106181941178371,0.007988725066651103,0.011991263187368229,0.008024816649046916
0.012695364646540032,0.01874471055728457,0.0051568030345986015,0.015445072355833362,0.012021979227122923,0.02128539587472562,0.02239864971364354,0.007761811636378851,0.010790733927570935,0.014600224795828875,0.023403076485861957,0.010386679812665344,0.00748692049815292,0.013074153003438107,0.007531679842819283
0.012346600324574148,0.02099940039591021,0.005614605203232623,0.01580175259716405,0.011117279009159837,0.019790945963188783,0.020416546685547213,0.007481576060775463,0.010007342872945482,0.014111730243749976,0.023608229453404145,0.009751180518123216,0.007588536367399995,0.01454547454056674,0.007619865684614524
0.012706330691187241,0.021073018866363466,0.005494428118181564,0.015352189173989903,0.012120684124917631,0.020060371504949055,0.020927827543810472,0.007482001063154455,0.010519183732127351,0.013951336525067642,0.024099749648997037,0.010515979728162454,0.007433496117360549,0.014427960049476819,0.0074979685218992
0.01221605197360256,0.021116994867379904,0.005442910798861041,0.015468343153845427,0.012151417981644999,0.019522472130977794,0.027383763312147962,0.007838849871334508,0.01058105096249507,0.014232961014363223,0.027121024460957613,0.010671028049689113,0.008058164614594472,0.014513227115550949,0.008099109425509232
0.012469479480859772,0.021340144245170927,0.005610569815812392,0.014636829876103215,0.011434328295803882,0.01958736769451053,0.0224106192780276,0.007483788120556817,0.01002670596428502,0.01335914291694224,0.0269822015515563,0.010124287526206706,0.007341774799161209,0.014137746246712473,0.007345737006579277
0.012404319660714013,0.020214011804732427,0.005424457901232063,0.015347598027340538,0.011797597273200438,0.019016611967630836,0.02169754688420424,0.008638108958175237,0.010946165195614648,0.013191589464085461,0.03522692200414715,0.01079151420709495,0.00929349754308457,0.013764893126542423,0.009358112080772205
0.012085202286650889,0.02118734888338074,0.005345777944255598,0.014060600585445386,0.011599835582895436,0.020006888934032553,0.023787316802043802,0.009092639367031254,0.011212117703799977,0.012467757308281693,0.03088248265526573,0.011034100017132535,0.00931291679355205,0.014462128336099502,0.0092435571719927
0.013098947395062299,0.02066482399093625,0.005100320577775173,0.015574767566355863,0.012515777348238812,0.01912132038963269,0.020133641907482024,0.009677802628793588,0.011589537562074117,0.013481621300799612,0.030365674304232232,0.011726988754045051,0.010284029064014178,0.013682084699683081,0.010305320406786672
0.012423490296293572,0.02008718022937062,0.004975258467546693,0.013782950998346526,0.012435081104350315,0.01940256223696792,0.02096575353005882,0.009339945453567797,0.011630622057512472,0.01275095091577003,0.029808514063606083,0.011372586814144062,0.009277906322162476,0.013636605058108486,0.009240281250433968
0.012159067360925592,0.02051006162671874,0.004744324542827424,0.015602306774156085,0.011399006012942943,0.019699708268430875,0.020261918099052787,0.008604385373011008,0.010428053993713729,0.012543074489064762,0.030554713698562063,0.010706654088338187,0.009012359517553043,0.013515041754074085,0.0090068378823455
0.012952725981150527,0.023094495424179736,0.005261004521528147,0.03809454321914879,0.014779478928198071,0.019179514820054044,0.020840393289144842,0.010423852003757396,0.013411273667018449,0.016180393777076977,0.029756013651662402,0.01390595688700328,0.010616007962311698,0.014423887266329092,0.0105657553827857
0.015429522516504505,0.02298913097132617,0.005340001265742998,0.021250927505582454,0.016042482410105984,0.02050544927452397,0.03603523016992773,0.011483711667987092,0.015112928832137738,0.020861320756710468,0.035372610419608846,0.015213156997785686,0.011023794550169103,0.014195657426003132,0.011027298941618842
0.014398579170606244,0.022213808950502976,0.0050225032943017715,0.0332449364547895,0.015064356006174576,0.01955672023535862,0.03356604579842277,0.010817637323875973,0.014422093425594602,0.018576395374601446,0.03103317463600624,0.014182402701271423,0.010195945282362557,0.013602269186676081,0.010156818743711032
0.014442383927291986,0.021396790691602396,0.004759141917075021,0.02244015229250213,0.014483868256720522,0.019626965132116002,0.03257667367433904,0.010853056570841822,0.013880045514216925,0.019646976820696528,0.0300344621942536,0.013592139438264818,0.010471841903233452,0.013140515322468366,0.010489197654990217
0.01372799989353614,0.020669261775133528,0.00446641658297222,0.029420444277356603,0.013760162358256422,0.01976683823120736,0.02752028263655758,0.010465606109539774,0.013528881144011939,0.01730996950143276,0.027677686025918625,0.01282858539798063,0.009707837274174139,0.012689395882400286,0.00966784865543415
0.014557023376013785,0.020375167038408436,0.005405552780997951,0.02269722855000749,0.014010231588273908,0.019135200326218092,0.025070297156595124,0.010260265708858678,0.013257200805187646,0.018890242795422334,0.028408114763122997,0.0131272331549524,0.00984306567741551,0.013661730313712494,0.009908197756105169
0.015235473764274064,0.020610901689311872,0.005295778741394517,0.026463189914486134,0.014403273977737446,0.021704123421569084,0.03141986219618759,0.011926567533880002,0.014613481101832257,0.01663151227743263,0.02950693413781534,0.013972664905207313,0.011925992239688397,0.014327570345458184,0.011933606979787173
0.014530955258114405,0.019912651534207487,0.005444622500972055,0.02193681703850071,0.013901484861800787,0.02047693388634228,0.019983704393267215,0.011294587794578386,0.013610500700369448,0.01700162115024967,0.0285530648739742,0.013495962395853702,0.011145859204016461,0.0136049520733653,0.011106034382915256
0.014692940117333318,0.019315372635270864,0.0052062114969253495,0.024077379325788874,0.01337238835727212,0.023294846403526012,0.023307646619313064,0.010315767662728268,0.013063634440423839,0.015456243829899897,0.02930111111057969,0.012697709515136515,0.010148622285719236,0.013407256997214734,0.01011959428913298
0.014640632846832067,0.019591876083577535,0.005252926913729132,0.02071529995221276,0.012894861278377906,0.02118506503270985,0.016860043944640402,0.00952323597430685,0.01235953154127895,0.015642433499120124,0.025870153761558004,0.012070750099841014,0.009284189045645846,0.013475569944812003,0.00927225694844084
0.014022036453910916,0.019121920496577835,0.004914250620523226,0.021997478409567516,0.012584622422713283,0.02289407973908446,0.01870547742279753,0.008736692846195571,0.011799852916652585,0.01428415415422878,0.02588299348651244,0.011430127316909611,0.008493858342635859,0.013694167889715886,0.008492681310558506
0.013573084348096509,0.018482638822882255,0.005423527210213362,0.020000913129920948,0.011683348813913186,0.024102819025759614,0.014891306152473667,0.008759021984525918,0.01117901600045142,0.014372013767480103,0.023937685765686122,0.010958119128192811,0.008699719346312583,0.014602719877896929,0.008671019584214066
0.015086660047168297,0.023979658183761254,0.004927157533305315,0.021071745383141504,0.013964876163220584,0.022838302870751774,0.016864032070949372,0.010254499033099329,0.012698428191796413,0.015866956410768098,0.024667473517285307,0.012926187102584325,0.01017997090466912,0.013763899307227719,0.010175873348043585
0.01449355021931936,0.02112628584885745,0.0047695268116961734,0.018866886446868025,0.013760137211550137,0.023521389443852826,0.02237395086440765,0.009668974237535287,0.012167571949789008,0.015144090462151231,0.024946624059555802,0.01248200926395933,0.0091213560231889,0.013303150555315635,0.009056139709102047
0.014625291789606903,0.022879947989317858,0.006114630198219427,0.0197145050536518,0.014094677235120418,0.022450941253051734,0.01619973289469138,0.010753489564343936,0.012598421853436133,0.014712502972793624,0.02330009905487699,0.013392787574943292,0.011642017554172995,0.014303341397444824,0.011607928348823944
0.013884247283399738,0.021025896592208358,0.005931824266688133,0.017910339947548825,0.014131973430705878,0.02416552941448168,0.022810322908491148,0.010390150847822355,0.0125678028534394,0.01378608603545302,0.02475532198573514,0.013157456279464958,0.010267112536730683,0.01397522645165521,0.010140396765573956
0.013661668662098829,0.021574096211358015,0.00599415041541745,0.019064871946019028,0.012503407565045302,0.022522052314088013,0.01683691584351364,0.008966698487929638,0.010967644910442212,0.014599815200053238,0.023526345824243382,0.01156312258458199,0.009437639538982256,0.013828317616074831,0.00937441429547833
0.013113705556833532,0.02108764607002525,0.005497201297806963,0.017551517644037864,0.012593140231502242,0.02276040721603985,0.017549219685357026,0.008685678062194373,0.010988221885644578,0.015117596296385,0.023191380076071803,0.011377397256719414,0.008607468604992462,0.013250853106126345,0.00855693468956087
0.012987975013507591,0.021000659101258024,0.005264666597695419,0.017782252857390535,0.01193864475878914,0.022047844432982376,0.01527203101294417,0.008158837171401905,0.010332300983839042,0.015958879134919435,0.02286593261464209,0.01084299989021091,0.008459365075974503,0.012861920557741616,0.008411020726288987
0.012671290325466229,0.02072663570117679,0.004839263616097496,0.016595729330410845,0.012406227392372229,0.02189891079588646,0.01807219099035483,0.008076619215843933,0.010533395829621695,0.015461515622251365,0.023593196605149806,0.01102980948647959,0.007842943319329871,0.012332394981848419,0.007829826585302546
0.012301965295136073,0.02017357711726209,0.004624563631459675,0.016942298227849942,0.011104523234337908,0.02134309512764383,0.015906937805047414,0.0072752529604515025,0.009229788088807195,0.01529470807431917,0.023679485575356814,0.009920813525570808,0.007370638062410962,0.011911575219044412,0.007403106817680835
0.012338913676305083,0.01954351260986581,0.004599200360335481,0.016461734321780074,0.011177735319633522,0.021123744058582618,0.017833030688546855,0.007094447567575859,0.00934142903310092,0.014226829632816655,0.02607750078934208,0.00978232026574715,0.006833840665332015,0.011946006285126815,0.006859863786597935
0.01196265750869747,0.021558786091871947,0.004828020070748996,0.015939222527767204,0.010072143324592518,0.021034466057367033,0.01621770639103798,0.006457864339153198,0.008179170592102783,0.013695190752203245,0.024331593233152732,0.00887956383360095,0.006498791929379542,0.012333395774280378,0.006524988789905047
0.011706321275356717,0.01982201023478138,0.004662736571228407,0.015572568520425354,0.010053164140056161,0.020472701688333417,0.017180485320840714,0.0063313962523333656,0.008220604110291517,0.013390782827925612,0.02403663662115698,0.008745608864244123,0.00609187990677047,0.011669253478111872,0.006113717807559931
0.011698695772144576,0.0197612753939673,0.004769943026192668,0.016217263403574704,0.009159236011971125,0.020188355878898494,0.01777537176951867,0.005793335629682901,0.00739192170765221,0.013514176474807658,0.02316437957932952,0.00805252642401226,0.005805120277930775,0.011838695447833862,0.005824973199484988
0.01141168430726494,0.01978183476843644,0.004530462100391988,0.016336296104860693,0.009167749606130213,0.019775344463546188,0.021203296753721953,0.005762343187073518,0.007429200191646175,0.012733634655808759,0.024143824405571886,0.008031687554130891,0.0056750040364671695,0.011729651417551468,0.0056873215311999
0.011360153028658553,0.018909613355835294,0.005179399840910084,0.015485724817095719,0.008517974265076488,0.019690869272684867,0.019031273913846732,0.005482115050091236,0.0066809777134246625,0.01330303484601267,0.02596407242075205,0.007511163041941096,0.005829681809626063,0.012425955190480151,0.0058334229808002505
0.01177024893727631,0.018634781801420867,0.004903777385015515,0.016997140574302915,0.009618852557416,0.019186011046019386,0.01802225284629576,0.006076738142302506,0.007935315992014308,0.013764137687336314,0.024042004227947632,0.008250836050225658,0.006129441833469076,0.011729619869254542,0.006087288812860069
0.01326654014516396,0.0184989530690635,0.005223784174420417,0.015495165768422763,0.009470430174064216,0.01893889337474947,0.019044727725405074,0.00579085973644668,0.008007168101493701,0.013407957289542074,0.02762274248983601,0.007957488873116238,0.005761283214606717,0.012890465487116053,0.00571876969134631
0.012752175564540693,0.01822427878484024,0.004809958009122804,0.016109827835038414,0.009581054999610412,0.018550793617661633,0.01583521351632803,0.005943705450081298,0.007821080647912029,0.013458334984908607,0.025052828964954626,0.007920302161047516,0.005904519443232108,0.012597100609966263,0.005905324325523991
0.012774675223667008,0.018679970365989774,0.004646829027352311,0.023263158054540156,0.010829535800248605,0.018267796034659934,0.017491237080098566,0.006510455542650133,0.008749738040414646,0.012853084410539548,0.027787318490283444,0.0089664440454692,0.006296047060102949,0.012174140067542104,0.0063321104287747225
0.012473330842523224,0.019183881857889974,0.004579993876030884,0.017107426918839565,0.010664907459121839,0.018295679175040807,0.02488477999097494,0.006360221361519438,0.008611535162073925,0.01273119993769046,0.02503509145795933,0.00875585192189651,0.00606103439214088,0.011931936826733996,0.006063824392149946
0.013139564390331307,0.033422479146814885,0.004347027640515092,0.021448109070179768,0.010098568141166286,0.0187576025929703,0.021237247143660952,0.006014536796058952,0.007929776714124525,0.01258539592629961,0.02642520758241397,0.00858374007301728,0.005881043811831218,0.01144075329363064,0.005887632880369569
0.012711755077415818,0.029600153376222568,0.00413633365122279,0.01685102407305286,0.009872310561090374,0.017999179552092563,0.025803451142710113,0.006007818930822619,0.008038297584740686,0.01240211020975138,0.025433874002219588,0.008720605304086176,0.005798713325977156,0.011055885013898323,0.005855560480595081
0.013435197529087126,0.02975241208638884,0.005988252461904605,0.019442166704869878,0.009715840657804642,0.018575174454071162,0.025568735083354728,0.007270824107942878,0.008280260814676168,0.011897832275877629,0.025224948910481607,0.009156835254185529,0.007868042148177067,0.012560890403450087,0.007868412731290691
0.012754756953103052,0.028259939072929584,0.00592959452091195,0.016336415501324933,0.009499971300908622,0.020392319688369232,0.019444030414228552,0.007032661339166433,0.008301669845375125,0.014743684507069628,0.023361180849643982,0.008987948358218832,0.007142387903958415,0.013779029440518014,0.0070624384883413325
0.012520654197424853,0.027917458454787703,0.005724366507349761,0.01787476962729999,0.008991514297806407,0.018882163708848262,0.019189887494346622,0.006357021863120099,0.007710788531056377,0.014032432236528168,0.02321139123930313,0.008352291067617673,0.006790632020031371,0.012832272145618447,0.006741088954360566
0.012626263742622428,0.02679012466717092,0.005256146731778715,0.01759643717638297,0.008986554933349706,0.019403912870904528,0.01808199303674812,0.006533207773146092,0.00786362983813333,0.013793748880716071,0.022921987609181453,0.00841082421577137,0.006660707152483747,0.012650485250890606,0.006626514158322735
0.01224403357049624,0.025711188163190596,0.0050816295534960735,0.016852991713120206,0.008599947860604265,0.01858742246003698,0.025728486293838213,0.006396141017301744,0.007576624173048878,0.012792683812362775,0.02388267207354046,0.007968453238005208,0.006617724791863797,0.012182924560520128,0.006589635483996812
0.012684927293686352,0.026308051933612492,0.004762442178919351,0.016931766110136297,0.00938850953707589,0.019009476807914986,0.019585966054299398,0.008555984796459777,0.008720636050408504,0.012956505326810506,0.02430799903561742,0.009643660104207797,0.008977048042515083,0.011873434205057806,0.00918255806531334
0.012184089411757991,0.024982699923786246,0.004546942323944763,0.016644228153763235,0.009959050831086667,0.01826678895859004,0.019409683824969978,0.008897729066648803,0.009322524775133437,0.012363581764055878,0.02703499153623812,0.010109013951870834,0.00883132490985517,0.011531646133874059,0.008956996994207067
0.012163052983922713,0.02420721769230516,0.004178764067825003,0.016090990742976347,0.009512053115277839,0.01820069531026685,0.01855088977070643,0.008035540039695158,0.008524058041237076,0.012141667012656912,0.023486076107446664,0.009428114423528694,0.00809848593676299,0.011150453446204543,0.008220143403443759
0.011885972776831186,0.02332120366718656,0.004001583444272494,0.01563651559171727,0.009156829659450905,0.017748273648935074,0.01596563969509847,0.007637065149080133,0.008215581169490064,0.011562085785472407,0.02447599141518691,0.009134728009789374,0.00761662145925068,0.010755795630522256,0.0077245141451621055
0.011612781330263715,0.022539720433708766,0.004314503771560005,0.015498184796407997,0.008839195061523296,0.018020527242011055,0.01567079154741863,0.007000905681005595,0.007563225382804966,0.011443695067013242,0.02215040236691042,0.00863486326194241,0.007052585908452943,0.011527891603052563,0.007148268335087154
0.011372695163611947,0.021743881965224646,0.004110516899612815,0.014817301516579754,0.008431740405196484,0.01740425622121692,0.015266796897971118,0.006615710909285467,0.007284300150563422,0.01104547538988558,0.02262696255650845,0.008222422090522789,0.006580526313120828,0.011016999205899042,0.006672622557294584
0.011424059649715388,0.021097768391407857,0.003963092310154782,0.014715482089459535,0.008386887715423124,0.017291710950336735,0.01447372790173532,0.006298302709065773,0.006941397163836554,0.010926856147430875,0.021219244886285456,0.008061831057446369,0.006390998057068138,0.010946989292488158,0.006448356852622527
0.017375481981316644,0.022562569547617917,0.004005905717932998,0.014703837596768198,0.0122766935636265,0.017259498408607504,0.017554596157596077,0.00672600086594611,0.009476395977386804,0.012076990504361203,0.023223668495256276,0.010077664954854985,0.0066357638237860605,0.010593073101055124,0.006847311157097485
0.01574187955993002,0.022618429149217644,0.0037375142899528056,0.014104065988122829,0.01327872324460121,0.0194673884471545,0.020903146879900053,0.007061173171669779,0.010112639871425971,0.0114830694547013,0.02508389716943683,0.010778882283024425,0.007342285412183219,0.01026647782994639,0.007304165258088298
0.016078364642165454,0.02171341613660846,0.003903056248072642,0.015517620809151929,0.01192303674180441,0.01784143453959219,0.015874205880910444,0.006940870454237416,0.009287163195637662,0.011801540856833348,0.022971256080383667,0.010155661586399111,0.006962510021334535,0.010824891058706054,0.006924543227842525
0.01519835223479793,0.0209894946969821,0.003759538823987115,0.013812295329913838,0.012049016047270798,0.018298175176476587,0.017543256878592966,0.006483247853623613,0.009189066765219208,0.011233905742199434,0.02375122240323222,0.00975244180757021,0.006502947320106634,0.010573324657660461,0.006468566195886638
0.01656315295162139,0.021598752003628978,0.003882407378901194,0.01642634893752687,0.013498522055415131,0.017751818277272128,0.01789767868414302,0.008235909755149347,0.010768372489657925,0.012993858416381772,0.028500862666605592,0.011333930726943822,0.008449768031862873,0.01053996284864332,0.008470651448562095
0.015407776290820406,0.02037855372136511,0.00355847460544682,0.014459976315265638,0.014082024131425454,0.017583832061850695,0.019903434195043052,0.008025957846602937,0.011189473962256008,0.011966383804847594,0.03412002605759938,0.011251852534152652,0.007638949916123589,0.010239039096431675,0.007650316003093435
